320 104.4 45
240 104.4 45
160 124.1 45.001
120 148 45.042
80 168.4 45.625
60 184.4 46.003
40 183.2 44.2
30 186.6 39.355
20 169.7 33.305
15 161.4 27.809
10 146.8 30.043
7.5 128.1 34.734
6 117.7 45.725
4.5 106.6 49.684
3 99.4 52.115
2.25 99.5 53.236
1.5 105.4 53.409
1.13 116.8 52.978
0.75 124.1 51.307
0.56 120.9 49.509
0.37 112.8 48.047
0.281 109.2 47.471
0.187 108.4 46.992
0.141 102.3 45
0.094 100 45
0.07 92 45.001
0.047 86.9 45.042
0.035 79.1 45.625
0.023 72 46.003
0.018 62 44.2
0.012 58.7 39.355
