1.000000
1.010152
1.020407
1.030767
1.041231
1.051802
1.062480
1.073267
1.084163
1.095169
1.106288
1.117519
1.128864
1.140325
1.151902
1.163596
1.175409
1.187342
1.199396
1.211573
1.223873
1.236298
1.248849
1.261527
1.274335
1.287272
1.300341
1.313542
1.326877
1.340348
1.353955
1.367701
1.381586
1.395612
1.409781
1.424093
1.438551
1.453155
1.467908
1.482811
1.497864
1.513071
1.528432
1.543949
1.559623
1.575457
1.591451
1.607608
1.623929
1.640415
1.657069
1.673892
1.690886
1.708052
1.725392
1.742909
1.760603
1.778477
1.796533
1.814772
1.833195
1.851806
1.870606
1.889597
1.908781
1.928159
1.947734
1.967508
1.987482
2.007660
2.028042
2.048631
2.069429
2.090438
2.111661
2.133099
2.154754
2.176630
2.198728
2.221049
2.243598
2.266375
2.289384
2.312626
2.336105
2.359821
2.383779
2.407979
2.432425
2.457120
2.482065
2.507263
2.532718
2.558430
2.584404
2.610641
2.637145
2.663918
2.690963
2.718282
