-3.7791
0.22082
0.88324
-0.21592
2.3276
0.9525
0.13567
-0.68472
0.12381
-2.2765
0.092536
0.042892
2.1301
-1.6029
-0.22835
2.1346
-0.59843
-1.3403
1.0344
-2.5027
-0.74871
0.58758
-0.30335
1.7466
-1.1367
0.53174
0.94585
0.95263
0.16404
-1.7379
-1.7319
0.57795
1.3544
-0.25563
-2.4452
-0.19616
1.4986
0.44
0.16253
1.8275
-0.18772
-1.2538
0.58695
0.2483
0.97249
-1.684
1.2772
1.1893
-0.67636
-2.3082
2.1837
0.31454
-1.8782
-1.333
-0.80852
2.5483
-0.046202
2.0686
-0.99886
1.3725
-0.52129
-1.5814
-0.99225
-0.11499
0.09533
0.3193
1.9345
1.6444
-0.046527
-0.21381
-2.2327
0.28154
-0.55262
-1.5218
0.62231
1.8091
-0.88549
-0.48863
1.6997
-1.6839
0.28052
1.5217
-0.89578
1.1847
-2.0661
0.88977
-1.3641
-1.0132
2.3527
-0.40427
3.2554
-0.89685
0.71894
-0.43683
1.2424
0.36094
-0.20571
0.064655
-1.0567
-0.010139
-0.4588
-2.0988
0.65764
-0.46636
0.51462
-0.18492
-2.9984
2.5674
-2.0647
0.5254
1.4381
-1.2979
0.48127
0.30421
1.4872
-1.2295
1.0463
-0.25792
-1.1705
1.1907
1.7117
-0.30331
-1.1242
-1.0316
1.5053
-0.098671
-1.0523
-1.154
-1.0552
-0.16288
0.41882
0.035116
0.58381
-1.2309
0.053493
-0.40005
2.3816
-0.59082
0.37038
-0.82496
0.039881
0.77691
0.7428
-0.079857
-0.76418
-0.72166
-2.2901
0.85547
-0.061805
-0.35647
0.52233
0.49545
-0.1726
1.7722
0.36625
0.57546
1.3828
0.26517
1.6917
-1.1596
-0.18595
-1.2016
1.3146
-1.605
1.4369
-1.4593
0.64701
-0.15503
-1.1785
-1.1591
0.38945
0.91922
-0.21957
2.2269
-2.0437
1.6182
1.3105
-1.1204
-1.3328
1.2177
-0.94168
0.92667
-1.4834
1.4413
1.1138
-0.08422
-0.4695
-0.77922
-0.13719
2.118
-0.79243
-0.45427
-2.7726
-0.29768
0.053187
1.0081
-0.19874
2.285
-0.90068
0.18498
1.6797
-1.7331
0.11878
1.0048
0.42571
1.8369
-0.65159
0.17188
-0.84843
-0.10623
-0.39262
-0.1957
-1.3903
2.0465
-0.64309
-0.053315
-1.3384
-1.4016
-1.2613
-0.34209
0.1992
0.083429
0.89579
1.9056
-0.34019
0.73388
-1.1243
-2.2994
2.4675
-1.0868
1.6847
1.4678
-0.1543
-1.3112
0.3127
1.2153
0.24468
-0.41352
0.128
-0.25445
0.24066
-0.63074
-1.4172
-2.3333
1.8222
-1.2822
1.4057
0.87237
1.748
1.0767
-1.493
-1.5531
-1.7952
0.89178
0.69111
0.9051
0.067863
-0.15748
-0.67717
-1.5047
-1.5907
0.31415
1.3994
-1.1145
0.83573
1.7993
-0.20401
-0.68033
-0.7679
0.19297
1.1062
-1.0039
1.2251
-1.6691
0.31017
0.99052
-1.0668
-0.037617
1.0186
-0.80824
1.1309
-0.53842
0.62349
0.52916
-1.4558
1.3877
-1.9189
1.9335
-1.1627
-1.92
0.92579
0.77487
0.8311
1.6512
-1.1421
-2.6418
1.0234
-2.4481
0.29011
0.90796
1.1714
1.2033
-0.75557
-3.4968
-0.71288
0.86841
0.46726
-0.64372
1.6932
0.20894
0.37642
0.96638
0.18816
0.52991
1.5419
-0.63349
-2.0687
1.2578
-0.017678
1.701
-0.84918
1.4306
-0.83807
-0.058235
-2.1004
0.95293
-0.76161
-0.13283
0.40059
0.89623
1.9942
-1.5295
1.1243
0.25501
-1.1504
1.1998
-0.10574
-0.11334
-1.4758
0.84813
-0.53818
-1.1886
-0.88873
0.45795
1.3634
-1.3727
1.3067
-1.1566
-0.087561
1.2566
0.29192
1.9249
-0.79425
-1.5534
0.63223
1.1465
-0.79898
-0.8731
-0.99157
-0.0039548
2.0018
-0.14935
-0.53832
-1.1356
-0.71287
-0.84366
3.4666
-0.86093
-0.77573
-1.2718
0.48139
0.74659
0.28266
0.58821
1.7658
-0.23738
-0.67836
-1.1972
-1.1142
0.25164
0.48516
1.7452
-0.36964
0.86702
-0.17883
-2.1274
1.7393
-0.68588
1.9434
-0.4274
-0.35366
0.34445
-1.0829
-1.0461
0.31152
1.6687
-1.9101
-1.5461
0.95297
-0.66484
0.16617
1.0258
1.6795
-0.010182
-0.78299
-0.38737
0.12955
-1.2425
0.87193
-0.18793
-0.58707
-1.5428
0.41907
-0.74489
-0.32407
1.3853
-2.0879
0.3579
0.3761
1.1393
0.88226
-1.0539
0.44212
1.0008
-0.59637
0.10541
1.5167
-2.4316
0.78983
-0.037688
-1.7614
1.492
0.78142
1.2849
-0.34155
-1.7816
-0.11844
2.1793
-0.7921
1.3833
0.016732
-0.62422
-0.21973
-0.63474
-2.1662
0.96063
-1.1867
0.2353
0.80685
-0.37504
-1.5791
0.38285
0.50691
0.319
1.2015
-0.82742
-1.9153
0.5583
-0.020621
0.92657
-1.3393
1.2074
-0.95472
-0.15405
1.1525
-0.22029
1.0352
2.0701
0.49879
-0.821
-0.12184
-0.62084
-0.82207
-2.0606
1.331
2.0782
-0.11026
0.59211
0.3233
-2.33
1.4147
-1.5949
1.5873
-0.59371
1.5786
-0.50073
-2.3413
-0.44585
1.7134
-2.4161
2.5802
0.56514
-1.3421
-0.97172
0.88899
-1.8342
0.42422
0.75561
0.8082
1.2271
-0.16091
-1.321
0.89607
-1.8204
-1.3545
2.773
-1.5583
1.1003
-1.1772
0.68535
0.98675
-0.5275
-0.27057
0.99829
-1.1534
-0.017143
0.46426
0.63632
0.85493
1.6899
-1.3565
1.313
-1.619
2.2569
0.004046
-0.077996
-1.9274
1.3951
0.47567
-0.47081
-0.35045
-1.1069
-0.83858
-1.8613
1.0522
1.4071
-1.7559
0.15455
0.96816
1.0958
1.349
-0.58843
-0.57699
-1.7136
0.049781
1.9675
-0.4219
-0.09245
-1.8918
1.3674
-2.0111
1.9343
1.9302
-0.93572
-1.7162
1.7931
-0.81297
1.234
-0.80628
-1.0961
-0.58217
1.1043
-0.97535
1.023
-0.53366
-0.30578
-1.7082
0.90627
-1.3289
0.49949
0.33056
-2.3766
1.8022
-1.0567
-1.0342
-0.82341
2.0086
0.24104
1.5847
-2.7941
1.2338
1.0539
1.18
-0.13404
2.5796
-2.2696
1.439
0.028895
-0.89222
-1.9435
1.5603
-0.75232
1.1007
-0.88754
1.1133
-1.6722
-0.26504
2.4039
-2.0986
1.5742
0.27888
-1.6598
1.2939
-2.7198
0.24586
0.39676
0.69108
1.1588
-1.6283
-0.41802
2.5803
-0.96966
0.34446
2.2175
-0.39909
0.19135
-2.5013
2.0509
-0.072859
-2.4494
1.6744
-0.57305
-0.33498
-2.6376
-0.37177
1.1683
0.30268
0.13301
0.66225
0.36509
2.9122
-1.7457
2.1193
-0.97766
1.4351
-1.7491
0.6592
-0.99041
-1.1945
-0.54273
1.3268
0.22353
-2.9537
1.5119
1.2831
0.056882
-0.74238
-1.4182
0.71985
-0.42816
-0.14207
1.6065
-1.0937
-0.60892
-1.916
0.86173
0.088591
0.23832
0.74144
0.9553
0.55973
-0.37685
-2.4479
1.2053
0.66691
1.2063
-0.86582
-1.8624
2.2291
-0.72172
-0.26117
1.4681
-1.1737
1.2152
-2.5611
0.11007
0.58634
1.195
-0.28945
-1.6313
0.02986
0.36784
0.67013
1.7746
-1.3728
0.79293
1.6206
-2.2738
0.30699
0.39773
0.57002
1.6106
-0.17055
-1.082
-1.3487
0.43689
3.2348
-2.5717
1.6555
0.17788
-0.10897
-2.1879
1.3573
-1.0597
0.61465
-0.77136
0.28056
-1.7447
0.084065
2.1738
0.20226
1.1277
1.3032
-0.67025
-0.86847
-0.37361
-1.1037
0.65573
1.6145
0.8216
-1.7251
-0.54014
-1.5323
0.96498
-0.30809
2.4728
-0.97056
1.3994
0.025757
0.4771
-1.547
-0.077081
-1.0622
0.15937
-1.9671
1.9443
-0.48764
-1.5367
-1.6229
1.5732
-0.74424
0.49061
-1.0029
0.0082358
0.38453
1.7417
-1.425
1.7803
1.0358
1.1075
-0.31367
-1.2598
-1.3018
1.1474
-0.51674
0.7437
-0.74042
0.65305
0.68442
-1.4778
-1.3208
-2.2336
0.98877
2.8834
-0.40543
-1.6475
1.0453
1.3343
-1.3785
0.80504
1.8982
-1.2468
1.2417
-1.1517
-0.52954
-1.3459
1.0294
2.0782
-1.5775
-1.9444
0.65418
1.204
1.1205
0.5825
-1.778
-0.74997
-0.10482
1.4321
-0.90634
0.84616
-1.2055
1.0548
-0.52691
1.3013
2.0362
-0.9842
-1.0289
-0.86382
-1.8255
1.7941
-1.0857
-0.17148
2.0263
-0.36333
-1.4632
-0.13115
1.5521
-1.0895
1.4969
-0.88144
0.7476
0.12798
-0.44483
0.16223
-1.5607
1.0402
-0.58005
0.58625
0.20186
-1.2295
-0.62185
-1.5728
0.55901
0.20759
1.113
0.024885
1.8377
-0.86503
1.4021
0.53341
-0.49822
-0.4367
-2.4825
1.6608
-0.53794
0.72986
0.0086641
-0.79778
-0.52818
0.38437
1.4867
-0.29086
-0.35135
-0.54471
-0.41796
-1.8035
0.87283
-1.0987
0.77591
-0.014596
-2.0971
0.59749
0.40533
0.59092
1.3192
-1.3754
0.64354
1.1209
-0.92311
3.3263
-1.3999
3.2578
-1.4409
-0.54878
-0.1369
-0.087857
-0.71248
-0.47851
-1.8028
1.8389
-2.6454
0.28032
1.7447
1.5187
0.065713
-1.2527
-0.5572
-0.72313
3.621
-1.3481
0.43521
-2.8288
1.0476
0.3169
-1.9558
0.52819
2.4369
-1.0084
-0.87085
0.49172
1.642
-0.099654
-0.69952
0.016694
-1.082
-0.46459
-1.4496
1.8002
-0.32659
0.056927
2.2075
-2.3247
1.4729
-0.61392
1.7737
-1.8853
0.44692
0.64943
-0.54967
-0.66699
-1.8293
1.0432
-0.4289
-0.25816
-1.2769
1.0741
2.0257
-2.2195
0.75946
-0.96345
-1.9278
1.3688
-1.7725
0.33769
-0.45371
2.1793
-1.2952
0.49182
0.80531
1.0318
-0.87732
0.72054
-0.85826
0.47865
-1.427
0.69268
2.3848
-0.93439
0.26043
-0.30757
-2.9671
1.3826
1.3858
1.5054
-1.5374
1.2647
-0.67486
1.4922
-1.9394
0.652
-1.5089
0.29162
1.9937
-0.4828
-1.3124
0.21332
-0.95971
0.67107
-0.39256
0.14634
2.8724
-1.8733
2.659
-2.0919
-1.6575
1.2448
-0.84689
0.29357
0.35652
1.908
-1.7491
0.44434
-0.23351
-0.090993
1.8867
-0.93489
-1.9392
-0.022565
2.4473
-0.75151
0.21512
-2.3053
1.1003
1.6296
-0.94283
-1.4731
0.7766
-1.0806
0.20802
0.51081
-0.1696
-2.3339
0.099858
1.7767
1.585
-1.761
-0.45064
1.039
1.5406
-0.34255
-1.7817
0.82178
1.3151
-0.76487
0.06937
1.3194
2.1458
-0.21845
-1.8474
1.4501
-0.22384
-1.2222
1.4903
0.33518
-1.9171
0.49994
-2.6389
-1.7668
0.60015
1.1256
-1.8516
1.4154
0.51524
1.0801
-1.4585
0.98899
-0.56196
0.71207
0.19133
-1.1759
-0.45644
-2.1525
0.25449
0.36191
0.82851
-0.26527
2.4698
0.5596
1.8353
-1.9295
2.105
-1.5509
1.1003
-0.63579
-0.36963
-0.729
-0.634
-1.0245
0.40791
-1.0422
0.076078
1.3113
0.60144
1.2031
-0.90622
-0.60409
0.10512
1.6963
-0.32171
-0.79984
-1.6547
0.5637
2.0045
-1.8684
0.92406
-1.0753
0.53333
1.6535
-1.0244
-1.4151
-1.5624
0.17911
0.19387
1.8414
-0.86023
0.19839
1.7991
0.16046
-1.5368
-1.2527
1.0355
-1.4497
-0.17424
1.201
-0.85131
-0.64186
2.4553
-0.50214
0.033545
0.80815
1.6344
-1.1567
0.83395
0.076563
-1.922
1.3222
-0.52304
-0.15191
-2.3806
2.7392
-1.5934
0.43607
0.39896
-1.3366
2.3881
-0.44991
-2.3406
-2.3188
1.1368
0.23199
-0.016617
1.3395
1.5216
-0.79174
-0.4871
-2.7854
0.72901
2.3326
-2.3593
2.1535
-0.61864
0.47856
1.3125
-0.24711
-0.5685
-0.37127
-1.7087
0.53043
1.5856
0.1273
-1.6382
0.94862
-1.6535
1.1652
-0.69517
-0.27174
1.6733
0.63629
-0.35388
-1.2197
0.78298
1.0799
-0.63746
-0.64056
-1.3277
0.96364
0.74167
-1.1507
-0.27749
0.47025
0.6975
2.0183
-0.83187
1.2303
0.087111
-1.7072
1.3487
0.99981
0.25708
-1.0238
-0.50335
-1.2583
1.0135
0.97904
-0.06733
-1.9234
0.49766
-0.26068
-0.91633
0.014287
1.3517
-0.92587
0.87736
-0.68059
0.2619
-0.43484
0.11794
0.28896
-2.2154
1.2628
-2.4221
2.0978
1.1983
1.5422
-1.4127
0.2926
-1.243
-0.26539
2.2717
-2.3108
0.80576
1.0056
-1.0518
0.47493
0.41242
1.0866
-0.59562
-0.80459
-1.2525
0.41472
1.6427
-0.39663
-2.8365
-0.18326
1.1548
1.7354
0.73094
0.63917
0.96105
-0.013367
-1.1004
2.4845
0.222
-0.0069183
-1.2587
-0.86742
-1.4178
-1.8366
-0.11155
0.58494
0.40687
1.8238
-1.3934
-0.91647
-1.5813
1.3475
1.5027
-0.86947
-1.1241
-0.16428
1.5985
-1.8343
1.18
0.67419
0.8268
-1.0767
0.37576
1.1465
0.97654
-0.30094
-1.5077
1.3929
-0.65119
0.61729
0.34513
-1.6204
0.64256
-0.74524
-0.23135
1.2259
-1.1378
1.9823
-2.1548
1.6417
0.2217
-1.5186
1.9014
-0.94131
-1.1915
1.9014
-0.25536
-0.64706
-0.67545
0.69337
1.0378
-2.6456
1.9039
-2.1061
1.8065
-1.5263
-1.7768
-0.043801
0.23673
1.8507
1.1904
-1.486
0.33421
1.5339
-0.48908
-0.35898
-1.8393
1.866
-1.16
0.61186
0.27058
-1.6996
0.76409
-1.3402
-0.10309
0.661
-1.3792
0.87583
3.1018
-2.7259
0.80453
-0.20902
-2.0458
-0.11812
1.0955
-0.095827
1.0076
-2.0441
0.82006
0.93764
-1.6773
-0.15667
-0.39676
0.74019
0.17897
-0.58169
3.3184
2.8189
-0.79315
-0.88912
0.81502
3.0029
-0.95747
-1.1777
1.4859
-1.0316
-0.8019
-0.34894
-0.46935
-1.2474
-0.072188
1.8887
1.191
0.25459
-1.1529
1.4631
0.37523
-0.23264
-1.3806
-0.22964
-1.126
-0.77299
-1.3064
1.4907
0.28529
-1.8418
1.8253
-1.8028
-0.032295
0.27988
1.3816
-0.77119
0.98034
-0.55011
0.9061
-0.81472
0.43363
-0.34222
0.54667
0.0076191
-2.0797
1.9522
-2.6875
1.7341
-1.728
1.9033
-0.85955
0.4408
-0.64505
0.44123
-1.2317
0.38941
0.0040891
1.7361
-1.5174
1.465
-0.63559
0.54585
-0.0060187
-2.044
1.0776
-1.2967
1.0924
1.6028
-1.23
0.84339
-0.59456
0.13322
-1.0753
-0.51716
2.0401
-1.1846
0.9277
-1.1634
0.049143
1.1922
1.2558
-1.2682
0.22591
1.6844
-1.0143
-0.44119
-1.8159
0.84222
0.49991
0.90624
1.653
0.59195
-3.4842
-2.276
0.42975
0.11916
1.6663
1.374
0.78663
0.8431
0.48397
-1.8292
0.96804
0.43095
0.46276
-2.4398
0.61858
-0.04082
2.8491
-0.79815
-0.47187
-1.263
2.2977
-0.93138
-1.2825
0.25275
1.7425
-2.078
-0.088929
2.069
-0.86648
-0.61006
-0.56508
0.65106
-0.2431
-1.2129
1.8435
-0.93188
-1.371
-1.6611
1.7803
-1.33
0.19343
0.7233
1.4278
-0.73869
-0.11708
1.6038
0.55254
1.2593
-0.14053
-0.01789
-1.0143
0.84517
0.517
-1.2498
-0.16019
-0.25319
-1.1355
-0.30201
2.8311
-0.57641
-0.177
-0.74644
2.2321
-1.1452
-1.0319
-1.6569
-0.048599
1.7666
-0.78425
1.2353
-1.3336
-1.715
1.006
-0.52281
-1.8231
0.35329
0.8671
1.1135
-0.86923
-1.8015
1.8974
-1.3038
-0.14013
0.31656
0.721
-1.4247
0.34904
0.16422
-0.089204
-0.53456
1.9748
1.0589
1.5319
-1.2529
2.0523
-1.8335
0.99303
2.0243
-0.41645
-1.64
-1.7785
0.65517
1.0822
1.9046
-0.0583
0.26851
-1.0793
-0.3682
-1.662
-0.49944
-1.381
0.64144
0.53357
1.1055
-1.1709
0.56287
2.0471
-0.95444
-0.84421
-1.9819
-0.53474
1.2168
-1.4226
1.6656
0.7858
0.04542
-1.5697
1.0777
0.51372
1.5971
-1.6038
0.99139
-0.46735
-0.91251
-0.2244
-0.40789
-0.71808
0.68431
-1.3821
-0.038488
1.6618
-1.917
-0.22692
1.5074
-2.5433
0.15459
1.8463
-2.2145
1.8326
-1.0546
-0.38343
1.7426
1.6783
-1.2155
1.3687
-0.79038
-2.0087
1.7897
-2.2622
0.36429
1.2992
0.54121
1.3133
-0.38074
-2.0013
1.2574
0.1936
1.2697
-1.7013
1.8946
-1.6799
1.1086
1.3777
-0.82215
-1.933
-0.14273
1.0377
0.78293
2.0091
-0.34697
0.92442
0.014308
-1.1111
-0.99444
0.039312
1.2591
-1.7948
1.4372
-1.843
1.7137
1.7139
-0.2411
-0.49024
1.0719
0.51037
-1.0199
0.013697
-0.031119
0.0028888
-0.022044
-1.6742
2.5203
-0.0080794
-1.5638
-0.17207
-0.36485
-0.92571
1.2397
0.58071
-2.4255
1.9088
-1.6794
0.74104
1.2133
0.15997
-2.4449
0.55989
1.2275
-0.030179
-0.57212
-1.052
-1.3946
0.98386
0.95904
1.5884
-0.45431
-0.059326
-1.1822
-0.8619
1.5793
0.056977
-0.84409
0.15627
-2.2258
0.63218
0.9437
0.26791
-2.125
1.034
-1.2195
0.63104
-1.1224
0.79155
1.9802
0.13444
-1.78
0.81906
-0.22346
-0.75046
-1.2295
0.052579
1.0258
-1.2383
1.171
-1.3768
0.87098
-1.4141
1.0174
1.5265
-0.86307
-0.82045
0.3628
-0.99934
0.88411
1.8115
-2.3588
-0.04665
0.50364
1.2157
-1.8768
1.4893
1.2337
-0.094064
-1.2143
1.8143
-0.60144
-1.52
-1.8732
1.1456
0.54553
2.1639
0.36212
-1.6869
0.21093
1.0555
1.5919
0.47695
-0.287
-1.2267
-0.13043
-1.2273
-1.5454
0.75266
-0.85455
-2.0413
1.1891
2.2155
-1.1069
0.97931
-1.7439
0.51055
-1.9083
0.53438
1.1185
1.0025
-1.4598
0.38731
0.17638
1.3714
0.28673
0.73478
-0.80117
0.66244
-0.86288
0.37263
0.14315
1.4164
-0.89935
0.95783
-0.73447
1.7304
-1.697
2.0511
-1.3356
0.4513
0.21841
-1.2385
-0.088669
-1.4516
1.9514
-0.17513
-1.5386
-0.67132
-1.7035
0.40824
1.4885
1.1905
-0.58328
-1.6526
0.28761
-0.48509
1.9865
1.2331
-0.022513
-0.80727
-0.84281
1.3518
-0.17375
-3.2875
1.099
-0.90907
0.44825
1.6794
-1.8479
0.10709
0.27131
1.1126
-1.1394
0.624
0.20696
1.0459
-2.188
0.48975
2.2714
-1.3373
0.58185
0.069822
1.4724
-1.2527
1.025
-1.4069
1.4994
-1.9021
0.6715
0.91948
0.89163
-1.0161
-1.8111
1.0276
-1.0889
-0.18047
0.64395
0.83945
-1.7733
0.66621
1.4079
0.3901
2.6865
-2.8609
-0.059033
1.2223
1.5031
0.69913
-1.8324
-0.71984
0.56175
0.25504
-0.86725
0.095576
-1.8519
0.22711
0.50403
1.5168
-0.42468
-0.63714
0.10408
1.4324
-1.6708
1.4857
-0.54958
-1.4249
0.32564
0.96978
0.51089
0.86119
1.2953
-0.69659
-1.1872
-0.032483
-2.0569
2.3279
-1.802
1.0128
-0.95782
0.2495
-0.55446
0.67813
2.406
-0.45364
-1.0896
-0.96975
0.4086
1.5644
-1.196
-0.25156
-1.3537
1.6655
-0.61491
-0.76885
-0.8719
0.19942
0.50702
1.3364
-0.62729
1.1528
0.24952
-2.3839
-1.6396
1.3542
-0.91228
1.2965
0.055703
-1.8993
1.5557
-1.6428
0.51889
0.74324
1.3898
-0.76374
0.074456
1.6577
-1.3906
-1.223
-0.2849
1.5426
1.0037
-0.32046
-1.3868
-1.658
0.19646
1.7746
-1.8474
-0.49372
-0.0617
0.83564
1.812
0.29687
0.1059
0.2456
0.56091
1.4621
-0.48821
1.5
-0.18416
-2.302
0.74762
-0.50942
-2.2405
0.33505
0.78678
1.903
-1.0702
1.5654
-1.1834
0.2851
-0.42167
0.69922
0.25032
-2.2918
1.4545
1.6003
-0.64688
-0.5324
-1.6861
-0.7993
1.8477
0.54166
1.0167
0.19822
-1.6693
1.3997
-0.48987
0.83996
-1.1419
0.65792
1.0809
1.1558
-0.27996
-0.68285
-1.0201
-0.33196
2.2777
-2.5179
1.0496
-0.67112
0.76688
1.502
0.085946
-0.20583
-1.2593
-0.44364
-2.041
1.0719
-0.85344
0.48182
2.7851
-0.18917
-0.099
-1.0983
-1.2015
1.7373
-0.0021487
1.1061
-0.11551
-0.9233
-0.31266
-1.9619
0.40918
1.2709
-0.31471
0.019791
-1.6791
1.7214
-0.37437
-1.2036
-0.35085
-0.34489
2.0928
0.44982
2.1879
-0.095729
-0.61072
-0.51151
0.025536
-1.8392
1.7641
-0.71534
-1.3705
-1.3405
-1.578
0.022502
1.0147
-1.2601
0.12382
0.81887
2.2381
-0.11413
-0.64744
-0.93441
0.11082
1.0647
-1.0195
0.041597
1.7292
-1.005
1.9429
-0.91387
-1.3762
1.8491
0.51141
-0.91454
1.6738
-0.58088
-0.63289
0.061733
-1.3232
-0.32138
-1.8678
0.08637
2.5177
0.1126
-1.007
-0.41901
-1.7533
0.84789
-1.9664
-0.83678
2.1806
-1.3245
0.64659
-1.43
1.149
1.1523
1.3134
-1.2921
1.1457
-1.5098
0.29987
1.9693
-0.42809
-0.67817
-2.0501
1.654
2.7278
-1.7155
-1.385
0.33938
1.7225
-0.051983
-0.54171
-0.40243
-0.83354
-1.1425
0.34697
-0.834
0.14824
1.2038
-1.056
-0.36049
2.4508
-0.67229
0.53216
-0.17667
-2.1719
1.1727
0.72732
2.17
-2.1016
1.2143
-1.0303
0.23532
-0.18584
-1.511
0.039504
0.14259
1.5552
1.812
-2.0601
0.86588
-1.1632
0.96708
1.8082
-0.045182
-0.50801
0.79251
0.20598
-1.4646
1.3079
0.48774
-1.5204
-2.055
0.78489
-0.030264
-1.2859
1.4003
-0.70663
-1.5848
1.5722
2.4224
0.33106
-0.33619
-0.55874
-0.8343
1.0828
-0.050187
-1.2039
-0.4413
-1.2002
1.3611
0.60417
1.5313
-0.91279
1.2863
-1.2771
-1.1884
2.139
-1.5462
-0.66268
0.22321
-2.2071
0.014315
1.8205
-0.7794
-1.7565
0.72442
-1.0941
-0.61632
1.2398
0.32538
0.63294
0.47055
1.0648
-0.53521
-1.4567
0.00062794
1.0472
0.14571
1.5998
-0.84729
-0.38487
-2.5581
1.3184
1.5523
0.025502
-1.4843
1.8962
-1.1286
0.24412
-0.69068
0.354
1.9004
-0.24699
-0.9522
0.55257
1.1616
0.16242
-1.0619
-1.727
0.053518
1.529
1.3179
0.55937
-0.74865
-0.66099
-1.5391
0.60413
-0.086445
-0.45336
-0.47205
-1.4597
1.0527
-1.2888
1.1787
-1.529
0.090254
-0.88026
0.15022
1.8387
-1.473
0.30059
0.324
1.3881
1.2707
1.4655
-1.3121
1.5766
-0.59426
-0.33288
-0.50567
-1.5382
0.56537
1.2386
-0.49585
-1.2054
-1.0785
0.77585
0.8356
-0.4703
-1.5345
-0.25699
0.66787
-1.2433
0.039897
0.9958
-0.11729
0.81182
0.84237
0.62705
0.43588
0.8981
0.62051
0.5482
-1.4981
2.0474
-2.3793
0.90246
0.046119
1.0018
-0.53145
-2.3044
0.48648
1.1779
-0.040626
-1.0426
-1.6923
1.0576
-0.8559
0.85703
-0.57361
-0.24278
1.2556
-1.2056
0.93562
-0.10962
-1.2944
0.57025
1.5742
-0.11786
-1.5256
0.14213
0.32594
1.0807
0.18162
-1.4893
1.3789
-0.9173
1.5071
-0.58861
-0.30524
2.1814
-3.5632
0.17098
0.43791
0.83065
-0.78272
0.8772
2.1578
-1.3953
-1.202
1.9569
-0.33797
-0.46203
-1.1458
1.7073
-2.59
0.3006
1.0812
2.1254
-1.9161
-1.5964
1.6477
-1.0599
0.90856
-0.35707
-0.80667
-1.2842
1.2098
-1.0868
0.46092
1.1728
0.80553
-0.51344
-1.7672
1.6279
-1.1786
1.6405
-0.94039
0.72244
2.1051
-1.2022
-1.7815
0.33474
2.1489
-0.4748
-1.4535
0.68031
-0.34726
-1.4606
0.83253
-1.0428
0.5308
1.5409
-0.53395
-1.9856
2.1453
-0.59745
0.93153
-1.0325
-1.7495
0.5961
0.35841
1.4346
0.018207
-0.93778
0.48359
0.45547
-1.6307
2.2286
-1.4481
-1.1575
-0.48456
-1.0567
-1.4994
0.09341
0.63334
1.0863
2.7633
-1.2708
-0.089223
1.5344
-0.18171
-0.85837
0.69758
-0.71313
-1.7149
0.98198
0.90188
1.0786
-0.90003
-1.4376
0.78217
-1.2721
0.81803
0.79542
0.14207
1.8941
-1.0147
1.9151
0.04287
-1.2443
1.7147
-0.38144
-0.3266
0.24223
0.057486
-1.4284
-0.61346
-0.42292
-1.1152
1.2805
-1.4933
-0.11519
1.2372
-0.52298
-0.46648
-1.7821
-0.12167
-0.019341
0.046726
0.85399
1.3409
1.7048
-2.1816
-0.44321
2.3588
-2.1499
0.45244
1.5822
-1.2101
1.1786
-0.23847
-1.6414
-0.99011
-0.27926
2.2154
1.7312
-1.4443
-2.9168
-0.2837
0.74358
1.8738
-0.87605
-0.03276
0.68533
-1.1388
0.81529
2.8747
0.18545
0.016344
-2.5167
-1.6679
0.27488
1.1576
-0.37046
-0.9765
-0.91292
-0.109
0.79643
-0.036717
0.17779
-0.046649
1.0072
0.86132
1.9299
-0.51179
-1.2387
-1.8672
1.8238
-1.3257
-0.0011771
-0.41487
-0.38532
1.0616
-1.2962
1.0331
1.6157
-0.44312
-0.65548
-1.3535
-0.19558
1.6113
-1.3947
0.19401
2.1693
0.98846
-0.22114
-0.84354
-0.3035
-1.2437
1.0192
-1.4552
0.33208
-1.4207
-0.38181
0.98036
0.57062
1.3135
2.3439
-0.084558
-0.36953
-1.2158
0.46477
1.9245
-1.9316
-0.80349
0.40919
1.98
-1.4126
-0.30931
-2.552
0.87761
1.3513
-1.3239
0.86875
1.8713
-0.27494
0.093912
-1.4343
-0.96144
0.0038938
1.675
-0.17923
-1.4318
0.69659
-0.86956
-3.0681
2.1308
0.52145
0.48303
1.095
-0.97041
-2.0015
0.85027
1.1193
0.43045
0.1279
1.5113
-0.83189
1.295
-0.41148
-1.3812
-1.1978
0.45413
-1.1969
-0.10254
1.5824
1.3262
-0.27169
-2.1996
2.2189
0.90896
2.2353
-1.3345
-0.32575
-2.8453
2.1303
-1.1001
-0.051847
0.99016
1.3177
-1.1749
0.85339
0.29176
-1.0468
-0.84727
-2.4829
0.91524
1.9225
-1.2321
0.039848
0.67935
2.5375
0.09183
-1.8916
1.0854
-0.13276
-1.7523
0.82006
-1.3316
0.042373
0.06017
1.8223
-0.98918
0.4041
0.87475
2.238
-1.3181
-0.50999
-1.359
0.69706
-1.3199
1.1739
2.4368
-0.71984
1.4903
0.4442
-1.6283
-2.4188
0.93332
0.99457
-0.4134
0.35136
1.7499
-1.2813
-1.8317
1.6993
-1.7051
0.067407
2.5083
-0.011692
-1.035
-0.95033
-0.24493
0.081978
1.4812
-0.90371
1.2633
-0.52934
-1.9231
0.76815
-0.49263
-2.5688
3.3325
-1.4806
1.1026
-0.59555
1.4863
-1.2427
0.87997
-0.80426
-1.6314
-1.4542
-0.78232
2.418
0.55869
1.5843
-0.8516
1.1857
-0.24914
0.54889
0.063713
0.68391
0.052193
-1.7776
1.6477
-1.1541
1.2912
0.0082176
-0.25377
-2.5593
1.1759
-0.33156
0.95183
-0.26049
-0.58921
-0.75598
2.004
-1.5577
1.2083
-0.69834
-1.134
-0.61022
0.68564
-0.76756
-1.0849
-1.4176
0.41546
2.7421
-1.4003
1.7982
-1.0911
2.115
-1.2662
-0.90167
-1.3183
1.8066
-1.424
0.94555
0.17378
-1.6535
0.50405
1.5792
1.6765
-1.166
1.8465
-2.0074
2.4194
-0.66052
1.5744
-2.1598
-1.5836
-1.1173
0.02429
1.9643
-0.14523
-0.83882
2.2664
-0.017798
-1.1331
2.4192
0.23193
-1.8982
-1.2123
-1.0455
-0.95505
-0.58784
-0.21084
1.3292
-1.6438
1.0563
1.2127
0.17728
-1.8656
0.34974
0.77467
1.1615
0.32758
-2.3283
0.022385
1.6278
-0.39703
-0.57594
-2.3611
-1.0653
-0.42695
0.18534
-0.6062
0.17935
0.69909
1.4732
-0.21924
1.5818
0.028127
1.7905
-2.5722
0.99003
-0.90549
-0.099921
0.33148
0.18781
0.28513
0.85679
1.2439
0.35179
-2.0188
0.9734
-1.1503
1.6497
-1.1405
0.36069
-0.56799
0.32663
1.8313
-1.0944
0.88215
1.3464
0.048303
-1.2152
0.067963
-1.3623
-1.2107
0.93638
-1.0875
1.317
-0.22815
-0.71283
0.65859
2.5255
-0.59436
-0.67236
-0.54728
0.13411
-0.42725
2.013
-1.6233
-1.2614
-1.1065
-0.71473
-1.8502
0.82462
-1.982
0.98283
2.0826
-1.8499
0.60409
0.22572
1.8964
-3.3617
1.9309
-0.60042
0.15183
1.1913
1.3946
-0.45159
0.16558
1.6869
-0.93405
-1.2277
0.45113
0.71879
-2.8731
1.1006
-1.3158
1.4251
-1.4053
-0.60559
1.2773
0.80772
-2.1888
-0.034985
1.4577
0.6202
0.56218
2.0131
-0.95623
2.3313
0.50075
-0.40283
-1.0575
-0.51416
-0.096098
-1.4347
-1.8713
0.78088
0.2373
2.1541
0.14324
-1.0845
-1.3533
2.6937
-1.1648
-0.68271
-1.9638
0.060975
0.36847
0.83698
1.6695
-0.78671
-1.1368
-0.12754
0.62607
1.7538
-1.6894
1.4399
2.0046
-0.25687
-0.41708
-1.328
-1.2713
-0.20379
0.5754
2.5185
0.64294
-1.4861
-0.16654
0.65713
0.83692
-1.5942
0.045187
-0.98969
-1.1739
-0.23959
1.3772
-1.3799
2.0073
-0.90661
-2.0472
1.6268
-0.39107
-1.6851
1.2805
0.16055
1.2695
-0.66015
-0.61539
-1.206
0.62062
0.40619
0.34805
1.698
-0.42948
-1.9277
1.9737
-1.1227
1.4856
-0.55931
-3.6432
0.72654
0.79993
0.55106
0.89085
0.60196
1.9945
-0.65891
0.67273
0.019753
-2.7499
2.1387
0.42396
-3.1306
2.2385
-1.5399
0.3107
1.2744
-0.63954
-0.64267
1.0824
-0.62979
0.99997
0.61927
-2.8739
2.1826
-1.1271
-0.39026
-1.3139
0.2492
0.3396
1.0925
-1.4443
0.786
0.29754
1.593
-1.275
-1.2242
-1.7062
0.046294
1.3076
0.52226
0.93865
1.1448
0.94317
0.39992
-0.94599
0.52478
-2.9784
1.7568
0.57496
-1.9777
0.40866
-0.35892
-1.9472
0.60172
0.58013
0.58343
0.25728
1.5456
-0.70114
-0.36984
-2.4069
2.2071
-1.7022
0.57652
-0.62487
0.53951
-0.36501
-0.64878
1.2144
0.041995
0.96648
-1.603
-0.11098
2.7885
-1.2554
-0.17246
1.5761
-0.63788
-1.5233
0.17174
0.59492
0.33148
1.7085
-0.95251
-0.88538
0.41264
1.8457
-1.08
-1.9928
0.48731
1.2345
-0.84163
-2.3629
1.7153
-1.3405
1.107
-1.6041
1.2794
0.64223
1.1357
-1.2798
0.62479
-1.4436
1.8391
-1.381
0.56884
3.3019
-1.3167
-0.18812
-0.85329
-1.7264
0.73505
1.2087
-1.4953
1.7231
-0.81705
0.35355
1.2732
1.005
-0.44473
-2.3232
1.8343
-0.92632
-0.67299
-1.5921
0.1095
1.7822
-0.47102
-2.5063
0.021693
1.7897
0.35875
0.025023
1.71
-0.81051
0.51879
1.4124
1.5303
-1.0255
-1.3824
0.12737
-1.6632
1.4331
-1.2178
0.72928
0.77244
0.48492
1.6872
0.40367
-1.4361
-0.22588
-1.3477
-1.9504
1.4449
2.044
1.1861
0.97146
-2.0854
-0.33646
-0.86967
1.2979
-1.2812
-1.8035
-1.6955
1.1193
1.6894
-1.3425
1.3073
-0.92401
0.89856
-1.7113
1.8741
-0.42094
0.9943
-0.25429
1.1007
-0.69207
0.27423
0.3808
-1.6619
1.5068
-0.06094
-1.7216
0.74254
0.1299
-1.5507
0.95966
-1.4595
0.092417
0.9641
0.87078
0.95257
-0.022268
-0.80955
0.4863
-3.1671
1.5528
-1.1195
1.7063
-1.417
0.34536
1.1907
-0.37656
-0.92063
0.93651
-0.97479
1.0829
-1.1774
-1.7696
0.53232
-1.0699
3.018
-0.86983
1.5706
-0.71238
-0.90276
-1.755
0.45772
1.7496
-1.2844
0.9793
2.0329
-0.36237
-1.5618
-2.513
0.70966
1.1046
1.0605
-1.4237
0.0030556
1.2989
0.6612
-0.74586
0.23488
0.56703
1.5713
0.28225
-2.4581
1.3688
-1.1125
-0.093077
0.56577
0.089686
1.1656
1.8723
0.025165
-1.8384
1.0061
-0.13985
-1.0088
-0.32862
-1.3035
0.27174
1.0731
-0.3893
-0.81791
-1.3128
1.4664
-1.4247
0.49219
0.74061
1.5848
0.10652
-2.6727
-0.32367
2.0514
1.628
-0.29143
-0.55791
-0.40865
-0.10104
-1.5116
0.095331
1.8353
-0.83367
-0.76751
-1.0102
1.0289
-0.6015
-0.69834
-1.6088
0.047709
1.9371
-0.52016
-1.9229
0.59611
1.0141
-0.9481
-1.3641
-0.57938
-0.25735
0.09244
1.1478
-0.15019
1.7218
0.40078
1.5687
1.8758
-0.87074
0.76463
-0.39807
-1.0491
-0.53004
-2.0697
0.31451
-0.47096
0.15337
-0.8901
1.27
1.5193
0.71698
-0.34636
0.48477
-0.021008
1.5983
0.69128
0.55551
1.2137
1.5639
-0.61116
-0.47859
-0.40243
-0.59511
0.41362
0.8129
-2.6172
1.0776
-1.7757
1.0114
-0.93026
1.2257
2.1522
-0.58851
-0.77703
1.537
0.24445
-0.66759
-1.0354
1.9985
0.77857
-1.1009
0.44703
-0.59801
-1.54
-0.29967
-0.28708
-1.3829
-0.80827
-1.4085
1.4342
-1.2566
-0.2099
0.88754
0.33431
1.3166
-0.63302
-0.13569
2.3597
-0.76533
1.3344
-0.33521
-1.7809
-2.6267
0.85941
-1.1552
0.18475
1.657
0.4649
1.5754
1.2293
0.24006
-0.26662
-0.60942
-0.65607
0.049766
-0.52679
-0.17996
-2.3658
0.005476
1.8364
-0.30216
-1.5637
1.7227
1.3981
-1.094
-1.0475
0.55944
2.4129
-1.5703
-1.8915
1.4499
1.2398
-0.69092
-0.65338
-0.9253
0.64016
0.96635
0.90866
1.7198
-1.2067
-0.41948
-0.37096
-1.7013
0.76519
-1.1243
0.46844
1.4404
-0.49123
-1.503
0.0074565
1.8515
1.193
-0.45703
-0.96119
0.32241
1.884
-1.2543
1.6496
0.4816
-1.513
-0.10597
-0.74718
-1.3
0.34618
1.098
-0.34654
-1.5507
1.869
-0.064477
-1.2419
1.2382
0.0036714
-0.92174
1.5375
-1.1385
0.59198
0.60123
-1.5309
-0.23335
-2.0132
1.4016
-1.0469
0.26857
1.4168
0.051027
-0.47893
-1.1368
-1.3994
0.62573
0.47131
-0.81231
-0.4491
2.4779
0.15506
-2.0661
0.43382
1.0322
0.45106
-0.0088479
-1.3224
1.0378
0.90197
0.62089
-1.9828
1.5723
-0.73645
1.9934
-2.4854
0.3467
1.3522
-0.69222
-2.9486
0.50141
-1.1843
-0.45594
0.68294
0.42691
0.55586
0.91435
2.2403
1.4528
-0.13917
-0.18679
-1.1879
-0.4587
-0.61122
1.3518
0.5004
-0.64933
-0.6892
-1.5942
2.1206
-2.4418
0.89133
-0.58753
1.0853
-1.867
-1.1083
2.4403
-0.93205
0.37344
1.0646
1.5778
-0.37161
-0.4557
-0.43008
-0.017983
-0.91534
-0.36881
-2.0587
2.0039
-1.6149
-0.057243
0.18792
0.80602
1.6407
-1.624
-0.44101
1.2753
-0.49079
3.0348
-0.85899
-0.36768
-1.5806
1.188
-0.59585
0.81346
-1.1411
1.118
-0.36106
0.76831
0.367
-1.2792
1.2977
1.6341
0.14273
-0.19738
-1.1966
-0.42828
0.039367
-0.34142
-0.44249
-0.68623
0.084861
-1.2029
1.8646
-0.821
-0.93963
-0.73495
0.82345
-1.0094
-2.0884
1.5274
0.37024
0.38604
0.18107
1.8929
-0.1629
-1.3169
-1.5158
0.85594
0.43256
1.8646
-2.4014
-1.7405
0.14862
1.0756
0.45524
0.84902
0.74988
0.27002
1.4267
-1.2186
-0.23815
-1.4126
1.6332
-1.0871
0.0074758
1.6241
-1.5924
2.4842
-1.3493
-0.69089
-1.1995
-0.31084
1.5201
-1.6381
0.97044
2.198
-0.61373
-1.0923
0.1855
1.3889
-0.89981
1.1443
-0.92998
0.19394
1.6202
0.3542
-1.258
-0.38058
-0.78679
-1.7092
0.79588
-0.19044
-0.76037
-0.92472
-1.456
0.36779
1.2759
0.44439
-1.4796
0.50732
1.5696
0.32182
2.7865
-2.4277
2.3497
-0.64335
-0.39579
-2.0197
0.30786
0.60321
1.661
-0.60434
1.5433
0.42648
-0.55841
0.51088
-1.9606
-2.0016
0.50642
0.14405
-1.7977
0.45694
0.49887
1.2274
-0.48425
-1.2925
0.76798
2.1421
-0.90268
1.6449
0.02831
-0.48139
-2.2935
0.44076
1.2298
-0.70728
0.44588
0.9884
-0.1212
-1.2152
1.1008
-0.51248
-1.9042
-0.080537
1.6765
-1.0943
0.28848
1.1035
0.61735
1.5829
-0.29177
-0.37822
-0.62675
-0.20592
-0.42422
-0.19257
-1.7847
-0.6863
-0.19368
0.96034
1.7507
-0.28438
-1.48
1.6769
-1.2171
0.13518
-2.2545
1.8039
-2.0001
0.099062
0.15606
0.35458
-0.43153
2.6345
-0.27538
-0.29828
-2.1413
-0.38026
0.71604
-0.41677
2.2076
1.7232
-2.3596
1.5082
-0.40089
-1.0003
-0.55243
-1.8875
0.90954
0.11061
0.79271
1.9584
-1.5776
1.3984
1.4622
-1.2682
0.5941
0.58475
-2.534
1.2969
-0.53265
0.70822
-0.69836
1.2624
-0.28313
1.4384
-0.00779
-1.8801
-0.64969
-2.0812
1.6936
-0.71514
0.10742
2.0959
-1.9086
0.77224
-0.66984
1.9109
-0.92567
-1.3407
-0.62523
0.13546
1.5933
-1.5484
1.151
-2.4521
0.44208
-1.4582
0.38596
0.38488
-0.034531
-0.63909
1.2304
1.4174
1.5024
-2.0772
1.1598
0.66339
0.99279
-0.70313
-0.1396
1.0903
-0.93456
1.1594
0.29196
-2.1311
1.4891
-1.0517
0.67807
-0.46971
-0.034435
0.60512
1.9964
0.40441
-2.4124
1.9397
-1.3683
-2.2034
1.8636
-0.43916
1.3654
-0.30079
0.76324
0.64785
-1.2324
0.011558
-1.0136
0.33691
-3.4279
0.71947
0.21527
2.0038
0.87214
2.2287
-0.88267
-1.3006
-1.8176
0.85792
0.39944
2.0829
-0.84685
-1.1518
1.1382
-1.748
0.57295
2.0749
-1.9285
1.1856
0.53524
-0.93199
-0.93299
-0.31816
-0.95542
-0.076893
-2.3664
1.3673
-1.3966
0.59657
0.44422
0.2023
2.181
-1.4461
0.054428
3.4698
-0.79851
-0.33394
-1.6114
-2.0719
-0.38897
1.7885
0.92259
-1.2754
0.14194
1.2869
-1.1537
-1.1909
-0.62209
1.9481
1.4426
0.010755
-1.1776
-1.1488
-0.40125
2.4123
-2.0041
1.7511
-1.3258
1.1237
-1.8737
1.3307
-1.7099
-0.4234
1.269
1.0009
0.97996
-0.052655
-2.4037
0.67166
0.72695
1.2437
0.0021209
2.3217
-4.2569
1.2867
-0.74824
0.012114
1.331
1.9706
-1.0566
1.7882
-0.74193
-0.79447
-0.72739
1.0849
-0.10085
-1.8641
0.15571
1.6121
-0.74917
1.8978
-0.62156
-1.5577
-1.6045
-0.10483
2.5095
2.1974
-0.99742
-1.0903
-0.73854
0.76328
0.088202
-0.57541
-0.88937
0.56246
-0.7122
0.92257
1.7012
0.24949
-1.2685
-0.69342
-1.7735
1.5757
-0.85109
0.31355
-0.40664
1.903
0.21232
-1.3173
-0.07935
-1.1817
-0.51139
0.27724
-0.26895
-0.57391
2.0806
-1.8967
1.0743
-0.16887
3.1469
-1.1131
1.0171
-0.23522
-0.12926
-1.0804
-1.473
0.68767
0.065945
-0.97385
1.1035
-0.65871
0.74916
-0.42322
0.8733
-0.69873
1.2419
0.28744
-1.6147
-0.87002
-1.2794
-1.8876
0.30664
3.0898
-0.3295
0.19043
1.2637
-0.92261
0.99846
-0.61809
-1.8005
1.4944
1.5041
-1.0207
-0.13038
-1.7404
0.536
0.57277
-2.107
0.64531
-1.6836
0.23982
-0.56454
1.509
0.563
0.61567
0.79488
-0.62237
0.28742
2.4067
-1.3165
-0.2538
-1.2955
0.45417
-1.1287
1.917
-0.063144
-1.663
0.42247
1.1325
1.7461
-0.20576
-1.6982
1.1294
-0.0093579
-1.0358
-0.12618
-1.6892
0.24079
1.46
-1.1012
0.14097
1.5299
1.1732
-0.1179
-1.5913
2.0958
-0.76759
-0.33572
-1.7328
2.1578
-0.93196
-1.6332
1.6326
-0.65799
-1.3803
1.8371
-1.4353
0.078505
0.81258
1.0441
-0.26871
-1.2275
-0.81842
-0.49784
1.5098
0.58586
1.3042
-0.10323
-0.77381
-1.1089
0.7339
1.1895
-1.6471
0.72117
1.4582
-0.091825
-1.6688
-0.4037
1.9558
-0.98713
1.929
-0.38427
-1.3075
1.173
-0.70187
1.0953
0.38803
-0.36669
-0.47833
-0.81766
0.076752
-1.2435
-0.089875
-0.60279
-0.21812
-1.1184
-0.998
0.017128
2.0651
-1.313
0.56846
1.7271
0.089288
-0.46776
-0.0041707
-2.3255
0.033153
2.0297
-1.2985
0.45613
-1.1676
-0.53456
0.73377
-0.20253
0.50997
0.079183
1.4488
-1.8494
1.8649
-1.9139
0.83507
-1.2325
2.078
-1.1394
-0.30473
1.8635
-2.3666
0.041302
-0.081395
1.0232
-0.97476
0.82343
1.3001
-1.854
0.64874
0.58991
0.37963
0.29519
1.7508
-0.43023
1.0788
-1.1109
-1.3497
1.0102
-1.417
1.7092
1.9456
-0.13273
-0.25222
-0.53437
-0.93287
1.1486
-0.080802
-1.0151
-0.61859
-0.55036
-1.5605
-2.4541
0.49874
0.71204
2.3343
0.24153
2.0787
-1.7308
-0.73802
-1.2536
0.9849
1.4302
-0.054715
-2.4643
1.6841
0.45543
1.3479
-0.37376
-1.051
0.48324
-0.1009
-0.93967
-0.85505
-0.40763
2.2353
-1.7508
1.4074
-1.1413
1.6322
-0.72498
0.73938
-1.2892
1.767
-0.54404
0.4608
-0.62321
0.49413
-0.62462
1.0982
1.5727
-0.015051
-0.74095
-0.6136
-1.5022
-1.8879
0.012129
1.3975
-1.6905
0.25026
1.8024
-1.2133
-0.33951
1.89
-1.4559
0.69012
0.80792
0.9188
-1.5434
-0.19564
1.1203
1.077
1.7764
0.46839
-1.1877
0.23622
-2.5618
1.6489
-0.37056
-1.9235
1.7954
-1.0798
0.62154
1.8079
-0.9614
0.91822
-1.4316
1.9769
-0.6323
1.0387
0.29615
-1.5489
-1.6099
0.31703
-1.184
-0.020144
2.1876
0.51196
2.0961
-0.34785
0.26513
-1.4152
1.1886
0.34274
-1.3707
-1.5252
0.45422
1.5209
-1.1265
-1.3726
0.49061
2.4559
-1.4015
-1.3115
1.2921
1.2864
0.074401
0.07727
-1.2953
2.0641
1.0469
-2.2149
-0.41282
-0.50976
0.04873
-0.66989
-0.96623
0.30796
2.0414
-1.3416
-2.2285
1.2894
-0.82856
1.1384
0.16338
-0.86055
-1.0379
0.7136
1.0941
1.7596
0.38241
-1.0845
0.14621
-0.10877
-0.61093
-0.7332
-0.35707
1.4887
-0.23536
-1.7223
-0.36549
-2.3868
0.77358
-0.39023
2.7476
-0.78783
1.1205
-0.28704
-1.3622
1.0125
-0.49507
-1.7041
0.42387
1.0805
0.25776
-2.3347
1.1204
0.80716
0.43305
1.2754
-0.1466
-1.4497
0.82267
0.27619
-2.4755
1.1798
-0.53232
-2.0255
0.26482
-0.089605
1.0604
0.4559
2.4192
-0.12519
-1.1618
-1.4051
1.1186
-0.60501
-2.3396
1.1626
1.8193
-1.1084
1.4267
-0.32607
-1.3156
1.1622
0.41461
-2.6872
-1.4306
0.57129
2.1549
-0.68403
-1.9501
0.60527
0.66372
-1.1418
0.83081
-1.2472
0.14726
1.1773
-1.7936
0.25066
-0.23613
1.2369
0.38489
1.1724
-1.3528
1.497
-0.73992
-0.22704
0.10664
0.67167
0.18358
0.7562
1.2908
-0.071742
-1.0602
0.98069
-1.8406
1.1948
-0.87517
1.0284
-0.72313
-0.28077
1.1966
1.7977
-0.51334
-1.4881
0.25777
1.8718
0.28414
-1.0608
0.1303
-1.8523
1.0467
-0.63213
-1.4617
-0.096243
2.066
-1.0453
0.6448
-0.9399
-0.10719
0.56541
1.0324
1.0418
-0.54213
-2.2584
1.1157
-0.49175
-0.3302
1.7385
0.9875
1.3019
-0.55974
-0.39819
-0.72933
1.6114
0.54992
-0.8747
-0.039394
-0.69174
-0.39729
-0.11231
-0.10351
-0.0018183
-1.7323
-2.1491
1.029
1.2134
-1.0149
0.5577
-0.59852
-0.0027492
0.61633
0.2203
1.2721
-1.374
0.062396
1.1001
-0.094443
-1.8552
0.38613
0.38195
0.62823
1.5793
0.37656
-1.9988
1.3391
1.4045
-0.29286
-0.39094
0.019291
-1.2561
1.5688
-0.21264
-0.39693
0.10125
-0.82472
-0.54484
-1.7878
-0.61611
2.7918
-0.98024
0.89835
0.016528
-2.7484
1.6209
1.2249
-0.95843
0.085334
1.8785
-1.871
0.6394
0.016283
-0.68787
-0.92781
0.59251
-1.0229
-0.085843
1.8899
-1.1062
0.77697
-0.69599
0.25721
1.182
-0.49978
-1.2767
1.0846
0.87777
1.3212
-1.0027
1.3683
-0.50596
-1.58
1.5039
-1.6794
0.69636
0.12791
-1.0226
0.45167
1.4259
0.10537
0.20751
-1.0427
-1.3113
-0.9656
-0.12486
2.0283
-1.4266
1.0961
-1.6792
1.3838
-0.11377
-1.837
1.8778
-1.7793
1.3904
-1.229
0.064251
0.82994
2.3909
-0.98151
-0.72049
-0.24553
-1.1756
-0.94229
-0.49339
1.5062
-1.5589
0.99742
-1.0008
0.21994
-1.2178
0.29623
1.5157
0.2168
0.090418
0.51099
1.1123
2.5514
-1.1448
-3.2705
0.56907
0.32275
1.2744
-1.5755
-0.30269
2.7199
0.075472
-2.1378
-0.99853
0.27535
1.2752
-1.3538
0.26408
0.44372
1.3931
-1.0625
-0.14374
2.0752
-1.6351
-1.2418
-0.011506
1.6562
2.1847
-0.31803
-0.85959
-0.78367
-1.0688
1.8073
-0.20983
-3.1147
-0.059794
1.4217
2.0604
-2.0691
0.48804
1.1911
1.1899
0.1244
-0.61989
-0.8064
1.4021
-0.57736
-1.17
1.6167
-1.4069
-1.7641
2.3541
-1.4352
0.59967
0.05101
-1.1722
0.99007
-0.61569
-1.1591
0.11346
0.64615
0.98465
-1.551
1.0541
-1.0132
-0.34457
2.0078
1.3696
0.18213
-1.3824
-0.74943
0.83276
-0.62681
-2.0837
2.1237
-0.85339
0.6656
-1.1622
1.5099
-0.87833
0.63861
-0.9878
1.3847
0.33117
-2.1614
1.1798
-1.1471
1.146
2.0932
-2.0944
1.3591
-1.524
1.2522
-1.0568
-0.084041
1.361
-1.6397
1.827
-0.83347
1.0407
-0.16549
-1.3804
0.61041
1.3901
-0.86131
0.46299
1.3926
-0.734
-2.5143
2.1756
-1.3498
-0.18926
0.74522
0.95641
-0.44353
-1.8304
0.76447
0.93017
1.2168
-1.286
0.55754
2.2949
0.027437
-0.49941
-0.34781
-0.96176
-1.3584
-1.4192
0.73022
0.2299
1.2326
-0.6993
0.50777
2.5232
-0.99416
-1.2006
-0.41867
0.94674
0.85664
-1.3637
0.054824
-0.72931
-0.23841
-1.719
0.93527
-1.0076
1.6043
-0.71093
0.76119
-1.0728
0.37456
-0.30794
0.76675
-0.9162
0.071285
1.6965
-1.0145
-0.35325
-2.8257
1.0418
0.76588
2.1639
-1.5476
0.66446
0.0422
-1.1958
0.48269
1.4418
-0.5065
-1.1377
0.86756
-0.4355
-1.2709
0.66056
1.1087
-0.21186
-1.981
1.702
0.14958
-1.9546
0.39707
0.83874
1.4869
-0.95347
1.8475
-2.9921
0.93116
-0.32969
1.0379
-1.6939
-1.6795
0.14241
2.1328
0.23994
-1.5949
0.61041
0.29704
0.9565
-0.47357
-2.234
0.67322
0.33566
-0.27351
0.25252
1.0718
1.6908
1.308
0.18602
-0.43722
-2.1246
0.45511
0.11943
-2.086
1.5467
1.0606
1.553
-0.2453
-0.31183
-1.5611
1.2681
0.35316
-1.7683
1.26
-0.86153
0.57214
-0.15193
-1.4422
2.4592
0.20926
-0.17665
-0.80793
-0.95168
0.96867
-0.46433
-0.4746
-0.88875
-2.4617
1.8555
1.7144
-1.6554
0.27274
1.293
-1.837
0.44028
-0.8735
-0.42617
1.1731
-2.1125
1.6856
1.0436
0.02809
1.0693
-0.57884
0.12285
1.3763
-0.72568
1.1976
0.027557
-0.56065
-1.03
0.81305
-0.092899
0.97329
-0.41341
-1.3892
-0.53316
-1.3571
0.45611
1.8644
-0.7676
-1.5516
1.1035
1.0666
1.6403
-0.01399
0.0042858
-0.28615
-0.98743
-0.23326
-1.3039
2.5219
-0.46145
-1.0656
0.16544
-2.7708
1.5282
-2.6066
0.86257
-0.14862
1.1638
0.53862
1.3375
-1.3201
1.6397
-1.6971
1.8405
-0.9695
1.2847
-0.43671
-1.4368
0.24572
1.4818
-0.70171
0.47739
0.93394
1.3656
-0.24803
-2.5736
0.87896
1.3926
0.032858
-0.68709
-1.1548
1.1097
-0.14103
-0.67525
0.82188
0.8963
-2.5828
2.1524
-1.6046
0.2726
2.2697
-0.84763
-1.5432
-0.27666
-1.7301
0.16607
2.415
0.32908
-0.069876
-0.75588
-3.6403
0.51326
0.34447
2.0381
-1.9874
0.56862
0.79491
0.93614
-1.0892
0.93328
0.66287
-3.1564
0.48942
1.0429
-1.1434
0.51909
-0.94722
0.51924
0.70284
0.93253
-0.78184
0.86339
-0.7632
-0.0016472
1.7388
2.7327
-0.17188
-1.1404
-0.068845
-0.89411
-1.2021
1.5817
-1.2821
-1.9494
1.8177
-0.6503
-1.6082
0.33148
1.4269
-1.2146
1.4423
-0.06705
-0.18199
-1.1535
-0.5225
-1.278
-0.28321
1.8607
-0.64555
-0.16663
1.8637
-1.8365
-0.12825
0.44563
0.4189
2.6821
-0.062763
-2.5032
1.3615
-2.1116
-1.5372
0.15972
0.68167
1.2525
-1.6037
1.1472
0.91876
0.43958
1.6092
-0.86937
0.070547
-1.6395
-0.98896
0.24047
1.7643
-0.9742
1.3649
-0.77104
1.636
-0.72524
-0.70867
-0.73604
1.0618
0.43405
-0.29134
-1.1593
-1.7063
1.2437
-0.22507
-1.9382
0.4527
1.6167
-0.91371
-2.3183
-0.621
1.4315
-0.25268
1.689
1.2584
-1.877
0.67722
-1.3868
1.0106
1.6317
1.1351
-0.31161
-1.3729
-0.50177
-2.0306
2.0496
-1.1161
0.61877
0.94463
-0.32058
-1.898
0.46992
-0.52416
2.1321
1.3417
-0.085524
-1.9094
2.6092
-0.21383
-1.2335
-0.12518
1.3936
-1.1136
0.54299
-1.3885
0.042122
0.58988
0.78789
1.4799
-0.80498
-0.70565
-1.0972
-0.43749
1.3204
0.54788
1.0631
-1.8288
0.83344
1.048
2.3688
-1.3821
-0.86645
-1.4331
0.19695
1.5963
1.2393
-0.37227
-0.92311
-0.5557
-0.34833
-0.85588
-1.4385
0.0033102
2.3285
-1.3134
-0.26642
0.96742
-0.98003
-1.1628
0.13205
2.0285
-1.1924
-2.1124
1.1438
1.8649
0.56727
0.19085
0.67979
0.73914
1.6736
-2.5105
1.4145
0.017735
0.72883
0.3088
-1.7742
1.9879
0.24038
-0.34913
-0.44101
-1.1812
1.3189
0.16896
0.04427
-0.1804
0.13485
-1.1014
-1.2807
-1.3384
1.2916
-1.054
2.2735
-2.1466
-1.4212
0.26212
0.99548
-0.86944
0.55284
-0.9532
0.20804
0.66732
1.0402
-0.43353
1.0694
-0.12801
-1.6279
0.51018
0.28023
1.2972
-1.1726
-0.33939
1.9632
-1.6473
2.2356
-0.30084
1.2509
-0.044421
-0.5613
0.10275
-0.5021
-0.036728
-0.55041
-0.11219
-0.32406
-0.42594
-0.086656
-3.1793
1.3771
2.4996
-2.0144
1.5865
-1.0745
-0.93754
0.86821
2.0242
-0.52048
-1.4133
1.5072
-0.91087
-1.7068
-1.3479
0.025958
0.57631
1.3251
-1.4491
0.3407
-0.95223
-0.42176
1.1884
0.57099
1.8481
-0.96287
1.1262
-0.96485
-1.462
0.66616
-0.87161
-0.66344
1.4843
1.5668
0.18793
-2.0583
1.2771
1.8281
-0.31919
-2.203
1.5845
-1.217
1.7393
-1.6556
-1.3287
-2.8462
0.66859
0.47791
1.4839
-0.97259
0.04995
0.31095
0.29996
1.1474
-0.45496
-1.2393
0.36921
0.50164
0.87558
0.34179
1.7214
-1.3563
0.83372
-0.88115
0.25376
2.042
-0.1924
-0.020507
-2.0353
1.3362
0.13197
-1.2917
-1.5343
1.6238
0.24604
-1.4677
0.18028
1.3142
-2.3026
0.81645
0.35561
-1.8922
1.103
-0.79199
0.10164
0.70586
0.5386
1.1633
-1.2081
0.44604
-0.39937
1.0179
0.31203
-1.3556
1.6413
-1.5996
-1.1617
0.51824
1.6494
-0.26759
-1.2838
0.74843
2.4846
-0.01807
-0.72304
-0.84217
0.091617
-0.9776
1.6822
-1.7116
-0.97946
-1.8386
1.9243
-0.6137
0.34933
1.4912
-0.53956
-1.0235
1.2213
-0.50927
-2.3886
1.0576
1.3763
-1.1577
0.87526
-1.1018
0.70935
-0.73881
-0.80395
2.022
2.2719
0.28651
-0.49338
-0.40164
-2.631
1.3724
-2.0829
0.34596
1.6283
2.0542
-1.091
-2.015
1.5345
1.8356
0.30363
-0.42586
-1.4958
-1.0986
-0.47703
-1.6278
0.3826
-0.2166
1.3843
0.097485
1.8068
-1.4371
1.3604
-1.3378
0.93542
-0.41217
-0.9465
-1.1694
-0.25872
0.65534
1.6187
-2.0228
0.19947
0.70618
1.2209
0.755
1.0205
0.50154
-2.2036
-0.091135
1.5463
-2.432
0.2327
0.94325
1.6947
-0.65731
-1.4234
-0.77944
-0.067473
1.745
-0.94527
0.45511
-0.38599
-1.6969
1.1036
1.0543
-0.23014
-1.6275
-0.18728
0.66387
0.49251
0.46321
0.094224
1.508
-1.4514
0.36641
-0.91972
0.75659
1.0772
0.46461
0.56117
-1.6673
1.3929
-1.0309
-1.5569
0.81396
1.7567
-0.65997
-0.15666
-2.2545
0.78884
-1.7503
1.7455
0.57957
2.1505
-2.1635
0.24199
-0.71412
0.3342
-0.70432
0.1976
2.2888
-0.77532
0.44568
2.5018
-0.24241
-1.7086
-0.75144
-1.0493
0.34825
1.0325
0.85743
1.1883
-0.019203
-0.34149
-0.34054
-0.7424
-2.5688
2.1095
0.029934
0.80421
-0.96081
-1.3146
0.5693
1.1818
0.3227
-0.76485
-0.70975
-1.4081
0.90248
1.0095
-0.35672
-1.1383
0.77364
1.9935
-1.1122
-1.2677
-0.83301
0.48128
-1.168
0.94175
1.6548
-0.67576
-0.98608
-1.443
0.18293
0.68224
1.6789
1.4174
-1.9021
0.90806
-1.6381
-0.9013
2.3437
1.2022
0.10506
-1.3183
2.1895
-0.77524
0.2053
-1.8158
0.91479
-1.4891
0.60004
1.8312
-2.4436
1.537
0.083499
-1.0417
-0.81514
0.41466
1.0785
0.9773
0.32783
-1.3776
2.1582
0.054381
-1.0162
-0.1832
-0.87957
1.0113
0.52458
-0.68979
0.38401
-1.8243
1.3986
-1.9914
0.85503
1.3122
-1.3193
-0.12202
2.8337
-1.5615
-0.13869
-2.3497
0.27609
0.17508
2.0743
-1.0196
1.3073
0.45479
-2.1779
-0.39635
-1.063
-0.065377
0.7455
0.37185
1.0443
-0.70313
0.84344
0.33795
-1.1937
1.8174
-0.1638
-0.38082
-0.5819
0.53896
0.55575
-2.181
2.9005
0.24611
-1.0691
0.32444
-1.3064
0.13492
-1.5927
1.0072
1.407
-0.58546
-1.4082
-0.56007
-0.54791
-1.2185
0.012204
0.56347
0.64389
1.1304
1.2162
-0.39371
-1.479
1.5173
-1.3254
2.1087
0.4136
-0.29411
-0.14897
-0.52905
-0.10208
-1.2349
1.047
-1.0639
0.27374
1.8969
-0.0085832
-1.1801
-0.45515
-0.14823
-0.22294
-0.67409
1.0303
-1.038
-2.0253
0.62341
-1.7906
-0.46974
0.78002
2.5492
-1.4028
2.3821
0.32885
-1.2839
0.6406
0.85662
0.2523
-0.7921
0.10366
-2.1424
2.4749
-1.1565
0.3173
1.7717
0.22515
-0.58331
2.0122
-0.026414
-0.97129
-2.2802
-1.6041
0.64346
1.8517
-1.2204
0.95682
-0.11041
1.122
0.32474
-0.31907
-0.030317
-1.0271
0.56091
-2.5611
0.63747
-0.77522
1.4099
-0.55204
-1.6951
0.2625
0.87078
0.6023
1.7464
-0.36478
-0.36912
-1.7962
0.96884
-0.87063
0.76428
0.15623
-1.7108
0.93628
-0.083831
-2.3424
-0.58845
0.8944
0.8005
-0.47781
-0.34837
2.2405
-1.7071
1.4095
-1.3717
1.141
-1.8387
1.7859
-2.2245
1.3203
-0.85936
-1.0681
1.7803
-0.12401
1.5762
-1.9556
0.017911
1.1138
1.8589
-0.97195
-0.75906
-1.4247
0.60089
0.84062
1.7889
-1.3872
1.5102
-1.4203
0.82765
-0.47958
0.72485
-0.46238
-1.4996
-1.3654
-0.45676
1.4032
1.8536
-0.58736
0.42309
-0.56213
0.51887
1.7609
-1.7964
1.2972
1.0955
-0.9903
-3.5103
2.187
-1.6901
1.1591
1.2032
-1.1368
-0.33717
2.3109
-0.54
-0.098402
-2.5046
-0.24196
0.8578
1.5528
-1.0143
1.1493
-1.3074
2.3445
-1.7425
0.74947
-1.3429
-0.18669
1.2196
0.097695
1.293
-0.99238
-1.1988
0.22579
1.128
1.465
-1.0761
0.55376
2.6118
-1.8019
-0.67529
0.21161
-0.74786
-2.6266
0.27368
1.4636
-1.3185
-2.4568
0.84067
-1.1436
-0.70801
2.1944
0.94064
1.6552
-2.2556
0.11247
-0.3746
-2.0396
0.5842
0.55113
2.1245
-0.99479
0.054455
1.6374
-1.376
2.5811
-0.59869
-0.98936
-1.0603
1.1122
2.3777
-1.9246
-0.75227
-2.0069
1.9413
-0.30832
-0.94335
0.51312
1.3332
-2.3191
1.5684
-1.5458
-0.20035
0.67017
0.0089646
-0.65049
-0.0017707
1.7833
-2.4616
0.2222
0.89171
0.9359
-0.18987
2.0943
1.0512
0.26418
-0.72324
-0.3852
-1.6781
1.0015
-1.3778
0.6681
1.2852
0.74608
1.3023
-0.68652
-2.7725
1.1952
-1.0103
1.9812
-0.50995
0.20303
2.5471
-1.0336
-2.5093
-2.0538
0.49476
1.4214
1.0543
-0.4009
-1.5583
1.7744
-1.0443
-1.1561
-1.6959
1.9608
1.5447
1.2007
-0.79119
-1.351
-0.14204
-1.5049
-0.93412
0.13909
0.92385
-0.98898
-0.032327
0.4142
1.0026
1.6076
-0.85983
-1.115
-0.8408
-0.33845
1.7417
-1.9017
0.23501
1.1623
1.3829
-2.286
-0.27634
0.66897
-0.15937
1.3189
-1.8239
0.87552
-1.3199
1.2071
1.3065
1.1337
0.095796
-1.3853
0.45608
0.97498
-0.69006
-1.895
1.024
-1.5053
1.8834
-0.99765
0.37436
0.99308
0.92488
-1.1626
-1.3294
0.91908
-1.7062
0.14071
0.64337
0.32638
1.4405
1.7963
-1.0259
1.1985
0.61137
-1.0516
-1.0113
-0.43387
-1.608
0.19666
1.6815
-0.70259
-0.1336
-1.8233
0.39758
0.7647
1.8633
-0.58444
-0.74048
-0.48442
-0.73017
-1.1744
-2.0182
-0.28589
0.89431
0.0554
-0.48851
0.53237
0.43096
0.022654
0.75792
2.6742
-0.96944
-1.0398
-1.7894
1.0395
1.0326
0.47982
1.2432
-0.82184
0.4416
-0.39022
-1.5159
1.2209
0.4459
1.5043
-1.8443
-0.80721
1.6461
0.8368
-0.47991
-1.3231
0.42478
-0.18405
1.6718
1.7723
-0.1282
-1.0595
0.040321
-0.84725
-0.88275
-1.5292
0.51609
0.13162
0.80405
0.99735
0.11366
-2.0601
1.3439
-0.7501
0.7774
0.83402
-0.30177
-1.4016
1.2071
-1.5135
0.60909
-1.2882
-0.22286
0.55305
1.8015
-1.184
0.49075
-0.55357
-0.70428
1.2927
0.48015
0.54807
1.7858
0.52188
-1.404
0.030815
-1.4927
1.7216
0.13374
-1.0844
-1.1959
0.82224
-1.9483
-0.045686
1.5077
1.5012
-1.2368
-1.3626
0.32142
0.023576
1.4264
-0.89717
-0.28519
2.3459
-0.80949
0.2841
1.7412
-0.64442
-0.62045
-1.2898
1.5216
-1.3683
1.0556
-1.1897
0.64017
2.0614
-0.90282
-1.0061
0.93517
-0.40683
-0.59276
0.16173
-0.7044
-0.81934
-2.1996
1.3405
1.0666
-1.2186
-0.40089
1.3389
0.77357
1.0601
-0.18499
0.13138
-0.70333
-0.85928
-1.6257
1.6413
-1.2578
0.019108
-0.2863
-2.0774
0.53804
-0.21788
0.89877
0.14784
1.5938
-1.5378
0.047467
-0.06222
1.8711
-1.043
0.86777
-2.1816
1.75
-0.13667
-0.29077
1.0761
0.72037
-0.22408
-1.5787
1.1158
-0.22885
-1.1367
0.97568
-0.90813
1.544
-1.492
-0.33037
-0.030594
-2.5699
2.3878
-1.0591
-0.33919
1.0461
-2.1114
1.2727
1.3907
0.48949
2.004
-1.3737
1.5718
-0.8878
0.92683
-0.82226
1.0655
-0.82775
0.69454
-0.079437
-0.69102
-1.721
-0.048542
0.24489
0.213
0.56508
0.56551
-0.58392
-0.23347
2.302
-0.70187
-1.0574
-1.5086
-0.28353
1.2062
-1.0097
-1.5932
-0.10593
-0.035236
0.92202
0.26324
-0.37192
0.16909
0.76245
1.81
-1.2758
0.44972
0.31753
-0.035673
1.0132
0.92378
1.1239
2.0328
-1.2952
-0.21894
-1.3036
-1.1733
-0.99418
-0.40351
2.3233
-0.70508
0.032989
1.531
-0.86451
-0.46806
-3
0.61126
0.99027
0.77468
0.78067
-1.0078
-1.7205
0.19131
1.1059
1.3792
-2.7304
1.5822
0.4983
2.377
-0.79785
0.46855
0.22592
-0.58068
-1.4415
-0.097435
0.13356
-3.1698
2.0686
0.8216
0.64336
1.3326
1.3179
-0.42614
-1.7215
1.5941
-1.5807
-0.60006
-1.7317
1.9208
-0.43524
-1.5382
-0.043899
1.2117
-0.14022
1.4752
-2.0445
0.84092
0.25018
1.393
-2.576
0.48985
-1.8833
1.7567
1.5945
0.79972
-0.58521
0.9791
-1.801
0.74403
-0.55412
-2.2599
0.8255
0.046847
0.56692
1.4438
-1.07
0.45881
0.6827
0.79202
0.18714
2.8321
-2.3864
0.52797
0.20125
-1.0459
-0.30985
-1.5605
0.54246
2.0215
-0.69723
0.81326
-0.703
-1.2526
1.1584
-1.1454
-1.1143
0.45995
-1.448
1.2531
0.65998
0.27512
1.0607
-0.6207
-0.88602
-0.066259
0.36324
1.8634
-1.2506
0.82845
-0.51422
-0.61626
1.8486
-1.2511
1.5121
-0.35208
-0.78057
-2.1454
0.68252
1.0941
-0.49308
-2.3271
0.82755
0.56356
2.1463
0.90306
-0.1798
-1.5165
1.5352
-0.31884
0.15171
-1.4811
1.4541
-1.5375
1.1319
-0.42718
1.1436
-0.23817
-0.19485
-1.7274
1.0179
-0.54811
-0.85094
-0.62514
0.1598
-1.0575
-0.89038
1.4485
-0.45616
1.4928
0.34342
1.8236
-0.49126
-0.64868
-0.8685
0.18158
0.73331
-0.72483
-1.2837
0.34281
-0.035586
1.4691
1.4944
-0.67363
-0.97064
-1.1846
0.47555
1.3848
-1.1939
1.3982
-0.12176
-1.7742
0.30756
-0.14939
1.219
0.72309
1.8461
-0.60526
-1.0453
-0.67821
-1.3522
1.0115
-2.4422
1.204
1.0523
1.1517
-1.244
1.0069
-0.42495
0.34452
0.68676
0.69637
1.5784
0.019289
-0.1381
-0.43795
0.20909
-1.4292
-1.6729
0.44251
1.0119
-0.61763
-0.73031
0.82473
-1.0397
-1.8706
0.85185
1.2671
0.61135
0.18002
-1.7056
3.2109
-1.2568
-1.0791
-1.2197
0.46064
-0.65812
-0.27756
0.87847
0.13715
1.0181
-1.1701
0.39377
0.087053
0.84206
1.4145
-1.5012
0.59542
0.83517
1.5757
-1.1379
-0.63632
-1.0855
-0.28222
1.0952
0.87214
0.060388
-1.7614
1.5549
-1.406
2.9129
-1.1261
1.1478
-0.44435
-0.15369
-0.68351
-0.79864
-0.57333
-1.4941
0.62432
0.72282
1.1036
2.3194
-1.1924
-0.84787
-0.59908
-0.077551
-1.8436
1.792
-0.75811
1.3888
0.52886
-1.4899
1.7576
-0.93428
2.1319
-0.99281
-1.5873
-0.18603
-1.7074
1.0505
1.6198
0.24005
-2.4557
1.7551
-1.4442
0.84487
-0.079875
-0.45594
-0.69323
-1.6256
0.59061
1.5661
1.2716
-0.032031
-0.67084
-0.8075
0.91587
0.0041823
-2.1313
2.3409
-1.4832
0.50374
1.2089
-1.4179
0.68695
2.2474
-1.3179
-0.57904
-2.0308
1.7735
-1.3106
0.40279
0.29419
1.8638
-0.46927
-0.91656
0.55112
1.2832
-1.2006
0.31911
2.1179
0.67701
-0.35356
-1.1581
-1.8638
2.4026
-0.52639
-0.46827
-1.7762
0.67904
0.11025
-0.97888
-1.6522
0.39737
-1.1389
-0.13158
1.587
1.1497
-0.65737
0.95685
0.61322
-0.56071
0.3163
-2.0964
2.1978
-0.42565
-0.47756
-1.597
2.0206
0.32695
-1.686
-0.50597
0.968
-0.55051
-1.3005
-1.8115
-0.70053
0.72194
-0.066925
0.7146
-0.31614
1.1729
-0.057869
2.6929
-0.83885
-2.1745
0.39176
0.82263
2.3544
-0.262
-1.095
-0.63077
-1.7436
2.0163
-0.84426
1.3709
-1.73
-0.12946
0.49464
1.3543
-0.48542
-0.80531
-1.3395
0.94807
0.70417
0.97482
0.38306
-1.9592
-0.16298
1.7519
-0.99642
1.2321
0.76281
-2.2715
0.88997
1.2081
-0.32766
-2.5454
0.20144
1.1108
-1.2031
0.35268
1.8072
-0.35555
-1.7664
1.9287
1.7256
0.25947
-1.3016
-0.28293
-0.43836
0.15018
-1.409
-0.39022
-1.708
1.0678
-0.14322
-1.0466
-1.3123
-0.63194
1.4875
1.0391
0.41335
0.36027
-1.1676
-0.019568
0.47577
0.54177
1.3453
-1.2602
0.33557
0.23142
0.50309
0.62199
-0.18403
-1.6414
1.6974
-0.94935
-0.10595
1.9004
-0.096867
-2.6767
1.3456
0.32392
1.2976
-0.58641
-0.43467
-1.5308
1.8372
-1.5885
1.4512
-0.74331
0.72422
1.6645
-0.88935
-0.55406
0.22486
2.2473
-0.97418
-1.5201
2.308
-1.5807
-0.88955
-1.0793
-0.010915
1.2615
1.2198
-0.33788
0.89697
0.89737
-2.3357
1.4855
-0.66852
-0.68191
-1.7468
0.78457
1.3817
-0.62427
-1.6268
0.97365
1.3911
-0.81625
1.6822
0.20247
-1.0841
-0.91098
-1.0311
-0.34678
-1.7427
1.4008
0.49862
0.89826
-0.48038
-1.423
-0.0053287
0.51547
0.38474
0.89138
1.3298
-0.53402
-0.2223
2.1583
-0.028686
-0.043075
-2.1232
1.8248
-0.82033
-1.1237
0.48063
1.2844
0.49191
-0.92903
-0.98573
-1.5411
0.93131
-0.8797
0.62682
1.2911
-1.5129
2.0485
-1.4383
1.3734
-0.37185
-1.8065
0.75863
0.92644
0.052467
-1.5826
2.1593
-0.7828
1.4856
-0.23257
-0.89841
-0.59159
-1.2115
1.2793
1.7814
0.56518
-1.2769
-1.2247
-1.8594
0.90148
1.3104
-0.10546
-0.60126
-0.9709
0.059303
0.94336
-1.2114
1.7607
-1.015
1.4885
0.53328
-1.3611
-0.9973
0.75053
-0.59857
0.16611
1.6985
-1.0519
1.3153
-1.1163
1.0257
0.65253
-1.7653
1.0875
-1.3853
-0.18954
1.8932
-0.17963
-1.0222
1.2071
-1.1174
0.74896
-0.44797
-1.7428
2.3064
-1.9318
-1.5074
0.71925
3.6576
-1.6306
-0.52977
-1.1156
0.89153
-0.61751
0.93031
-0.51311
1.3216
0.38063
-0.89469
-1.3089
1.6842
0.35257
-0.89452
-0.71482
0.46333
2.1332
-1.1944
-0.7824
-1.6153
0.61204
-0.8315
1.2295
0.058118
-2.1308
0.21761
-0.044213
1.2694
-1.2122
0.35091
1.9876
-1.9833
1.0618
0.57174
0.21698
1.4417
1.6336
0.032126
-0.3734
-0.80444
-0.50417
0.31404
-0.89459
-0.53315
-1.6299
0.022874
1.8652
-0.78634
-0.98025
0.98376
0.07356
-2.0751
0.78164
-0.98771
-0.37418
1.4115
-1.7931
2.2547
-0.062875
-1.4119
0.35422
0.3698
0.89212
-1.4559
1.293
0.60139
0.48785
0.4845
1.5845
0.75841
-2.101
-2.0715
1.08
-0.4182
-0.52165
2.5142
-1.319
0.35743
1.6997
-1.5402
1.42
-0.33834
0.70734
2.0839
-1.2536
-0.70259
-0.13588
-0.86385
1.6422
-0.10933
-0.83866
0.53508
-1.1068
-1.2403
-0.83748
1.276
-0.92592
-2.1133
0.7472
2.3298
0.4801
-0.96771
-0.17537
-2.0529
0.59426
2.3932
-2.7598
0.76768
0.028548
-0.73681
-0.44558
0.6887
0.30776
-1.1155
0.0079088
-1.3874
-1.1101
-0.817
2.9598
-1.9766
2.7314
-1.2176
0.0044504
0.47577
0.70939
-0.6497
0.44351
-0.76789
0.81634
-0.83708
0.82366
1.402
-1.1381
0.01603
2.4881
-0.69418
0.76288
-0.19615
-2.5952
-0.86797
0.51931
0.99514
0.63566
0.30168
-0.64213
-0.004332
-1.3272
1.2225
-0.61428
1.6154
-1.0296
-0.91016
-0.76142
-0.46542
-1.7631
0.22822
-0.045374
0.47376
0.36162
1.8041
-0.17021
-0.47784
-1.8608
-0.41422
0.6849
0.04522
0.4976
1.6766
-1.7188
0.016638
1.1995
1.0965
-0.15029
-2.0721
0.46463
0.93692
-0.97656
-0.18271
0.73727
-1.4145
-0.82576
0.88231
1.3298
1.5018
0.68432
1.2995
-1.1667
-1.526
0.68841
1.0893
0.70647
0.25695
-2.1756
0.88106
-1.259
0.85595
-1.1189
0.81353
1.5368
0.33475
-1.4727
2.4577
-3.3952
1.089
0.76108
-2.098
1.6102
1.3875
-0.91579
-1.67
1.1686
-1.1653
0.90768
2.8379
-1.1037
-0.65677
1.5799
-0.62443
-0.46026
0.50071
-1.6233
-0.6705
-1.4477
0.60124
-0.58608
0.99844
-0.15752
0.70655
-0.026683
-0.58535
-1.6083
0.55212
-0.22762
0.39234
-0.26046
-1.9366
1.606
-1.3073
0.42785
-1.0452
-0.67722
2.9201
-2.2352
-0.0095958
0.44739
0.75861
-0.12992
-1.9029
0.29299
-0.12605
1.9701
1.6068
-1.7221
-0.012316
0.80034
1.1917
-0.40536
-0.58945
2.1511
-1.1225
0.45655
1.2973
0.15351
-1.1117
-0.057647
-1.2459
0.41284
1.0896
-0.884
0.59648
0.35584
-1.2409
-1.2001
-0.23777
2.5245
-1.5999
2.4551
-0.78774
0.17482
-2.0429
0.6959
-1.1619
0.24061
1.4756
-1.2072
-0.25541
1.2795
-1.1869
1.8041
-1.5296
0.81127
1.6997
-1.378
-1.9827
1.014
1.4664
-0.1899
-2.1421
1.7405
-1.1835
0.020374
0.41537
0.75644
0.44971
1.6812
-1.7788
1.3326
-1.2322
-0.26687
-2.2255
-0.30288
1.1169
0.64877
1.5311
-0.89395
-1.264
0.59918
-0.8349
-0.24417
1.4647
1.9436
0.41656
-0.63401
-0.64542
-0.87805
-0.86953
0.92061
-0.98933
-0.28808
2.0837
-1.122
1.2678
-1.5061
-0.99519
-1.3183
0.32971
1.0243
1.0726
-1.8153
0.97501
-0.88732
-0.92637
2.1438
-1.4316
1.7511
-1.5308
1.0946
-0.95126
1.4252
-0.66784
-0.24289
-1.4489
1.0731
-2.4859
0.76155
-1.1546
1.3704
-1.8727
-0.087586
0.81857
0.17605
0.39586
0.4786
0.48357
0.84902
0.8501
-0.21058
-2.3486
0.2919
0.75837
1.1798
-0.63824
-0.10318
0.59353
0.29149
1.4882
-0.94692
1.2256
-0.63785
-1.3866
1.1725
-1.075
-1.5691
-0.20098
2.261
-1.0604
1.0135
-1.0013
0.67103
0.46141
1.5231
-1.6943
0.18442
0.69711
2.131
-1.9209
0.59823
-1.6794
1.9109
0.60116
-0.7314
-0.34682
-2.1085
0.52632
1.917
-0.65283
0.33202
2.4574
-0.77338
-0.24752
-1.2894
1.4336
-1.3043
-0.91213
1.1242
-0.38191
-0.39395
-1.8112
1.5953
-0.92999
0.48062
-0.83804
-0.60363
2.8431
-0.75073
-2.0668
-0.026896
1.1731
-1.044
0.49708
1.1235
-1.5172
-2.0338
0.74437
0.67456
1.0191
-1.6893
0.61982
1.6132
-1.1081
-1.1382
-0.0038449
0.77851
-0.73098
-0.13753
0.61605
-1.2789
-0.48519
0.73456
0.28786
2.2029
-0.46795
1.0426
2.076
-1.5454
-0.58145
-1.3063
2.1906
-0.07571
-0.70964
0.95977
-0.19983
-0.82165
-0.68073
1.2437
-0.51221
-1.9614
1.2662
-2.6173
-0.14635
0.57106
2.4436
-1.0546
0.50288
-0.85925
-2.174
0.52401
-0.33464
1.0013
2.4397
-0.48246
-1.1129
-1.1895
-0.075149
1.5357
-0.0065277
2.7038
-1.278
2.0305
-0.78614
-1.1062
-2.1821
-0.50808
1.3735
1.1827
-0.45127
-1.7209
0.82008
0.75361
1.0607
-1.7787
0.4255
1.5373
-2.1662
1.6002
1.74
-0.31261
-0.95918
0.82061
-0.57877
-0.66126
-0.31956
-1.7368
0.91849
1.5016
-0.96506
-1.3648
0.39574
1.4689
-0.76569
1.3129
0.17418
-1.0275
-1.4464
0.44321
-1.0298
-0.29643
0.93301
-0.12952
1.475
-2.1005
0.35955
1.6144
-0.18001
-2.1829
2.509
0.17204
-2.0324
0.72523
-0.68785
-1.1413
-1.7562
-0.29853
1.7664
0.403
0.46642
0.1359
0.5638
1.032
0.67462
0.98714
-1.3888
-0.41436
1.6568
-1.3716
1.4878
-0.32386
-0.37464
1.5327
-2.4628
0.31751
0.065119
1.952
-1.3839
1.8236
-2.3169
-0.54984
1.7448
-0.0010537
1.2974
-1.8263
1.2237
0.33564
-3.3963
0.90182
0.85118
0.78766
0.82405
1.7207
-0.17296
-0.79882
-1.5727
-0.080062
1.1102
-0.6803
-1.3198
1.0179
1.214
1.4289
0.2891
-0.74874
-0.19541
-1.5219
1.0507
-0.72555
0.50362
2.2337
-0.12527
-0.7117
-0.98449
-1.23
1.3152
-1.0987
-1.3447
-0.8674
-1.6055
-0.0048026
1.0872
0.62321
0.95316
0.14594
1.0776
-0.87883
0.46418
2.7336
0.33464
-0.90598
-0.41395
-2.2784
2.2382
0.1493
-0.19817
-0.65509
-1.3402
-2.8516
-0.7135
1.1408
-0.049711
0.87741
0.23814
0.64171
0.86184
2.3161
-0.8997
-1.0979
-0.30283
-1.0633
-1.3315
0.50543
1.0745
1.1155
-1.4151
-0.18327
0.67699
1.1269
-0.90952
0.13552
2.5016
-0.014318
-0.77854
0.1448
-0.93458
-0.25925
-1.3445
1.2784
-0.37721
0.72507
-0.49902
-2.1719
1.318
-0.91951
1.1784
-0.96236
-0.62209
-1.5615
1.7907
1.165
-0.099405
-2.0722
0.73229
-0.07363
-1.6467
1.0317
-1.4819
-0.45127
0.70396
0.14268
0.60897
0.15617
-0.35817
0.57036
0.29121
-0.027562
-0.4109
0.11992
0.84536
2.5016
0.56963
1.4192
-0.38324
0.62604
0.17093
-0.70888
1.9153
0.53325
-1.5349
-1.137
-0.47215
-1.9484
0.72856
-1.6322
0.08601
1.8052
-0.9205
1.4412
0.24774
-2.5009
1.6917
-1.5238
0.56783
-0.4051
-0.20842
1.4007
-1.0394
0.27068
0.095484
1.3899
-1.4424
0.62538
1.7108
0.0099668
-0.50246
1.1311
-0.13499
-0.61437
-0.27359
-0.43731
0.18824
-1.7297
-0.87214
-1.6871
0.59513
1.9201
-0.23739
-2.4745
2.1727
0.96758
-0.38298
-1.3853
0.025162
0.6205
0.96794
-0.52001
-2.0089
0.56997
1.8049
1.126
-0.48165
-1.282
1.5445
-0.4492
-0.94895
-2.2926
1.9386
-0.72956
-0.0093823
1.0422
2.4727
0.6165
-1.6354
-1.4783
0.36504
-0.31773
-1.8784
0.26826
1.0935
-1.1465
-0.45803
1.3062
0.37032
0.3218
0.44357
0.11594
1.0616
-0.67837
-0.11481
1.6771
-1.6236
0.19834
1.6692
-1.2268
1.8874
-1.5191
-1.8332
1.0102
-1.2813
0.33046
-0.87743
-0.45152
0.4003
0.15623
1.1503
-1.6906
0.79827
0.74561
-0.090846
1.81
0.42756
1.756
-0.6061
-0.30534
-0.69777
-1.6713
0.25253
1.5848
-0.65666
-1.8542
0.4879
0.30441
1.0625
-0.23867
-0.52829
1.6242
-1.6396
1.4973
0.98525
1.8302
-0.93619
-0.34107
-1.1048
-0.7996
1.4941
0.11971
-2.6076
1.0574
-1.6683
0.76786
-0.97671
0.30461
0.80822
-0.057994
1.0996
1.5944
-0.23682
-0.17814
-0.85719
0.62312
0.16062
-2.1498
1.851
-0.80197
-0.076325
1.9784
-1.6277
1.2845
-0.56687
-1.0444
-0.7087
0.4346
1.2196
-0.93508
-1.681
2.3346
0.33245
-2.7499
1.5222
-0.77931
0.84665
0.10092
-1.5305
0.63606
0.20618
1.5889
-0.58602
-0.81841
-2.0385
0.11869
0.63247
2.3139
1.5633
-0.51438
-0.14409
-0.99618
1.6268
0.75849
-1.4372
-1.061
-0.26765
-0.65644
-1.382
1.7111
-0.6277
-0.72758
-1.9308
0.22114
0.25326
1.2281
-1.1146
-0.3896
0.21252
0.60963
0.11133
1.4839
1.0874
-0.63086
-1.3777
0.48182
1.6333
1.2183
-0.01511
-0.68557
-1.0457
0.9923
-0.34475
1.0162
-0.73062
-1.2061
-0.55929
0.62147
1.723
-1.8631
1.0372
-0.14992
-1.7756
0.62225
-0.066535
-2.4782
0.50467
0.50107
0.82992
-0.057939
1.7911
-0.85429
-1.3922
0.7404
1.2767
-0.97238
0.63843
-0.84275
0.17467
0.82842
1.0277
-1.6764
-0.37581
1.5442
1.4001
-0.32479
-1.2267
1.0543
0.96529
-0.40168
1.0474
0.26324
-0.86493
-0.011067
-1.7344
2.1361
-1.2035
0.94606
-0.91695
0.85318
-0.36726
-0.49215
-1.2419
-0.18775
1.4872
-2.0497
0.26282
1.9487
-1.0728
0.70705
-0.084225
0.63758
-0.01605
-1.2365
-0.12016
-1.9556
1.0169
0.15477
1.4665
-1.4869
1.0298
-0.1097
-1.0075
0.79577
1.3368
-0.64203
-1.1673
0.59136
1.9042
-1.4058
-1.2484
-1.2163
0.44087
0.44425
1.5838
-1.2762
1.4955
-0.98344
1.451
0.45532
-0.60602
-0.86051
-0.97789
-0.94129
-0.11865
1.7463
-1.7973
-1.8774
1.3295
1.0752
-1.4085
0.51956
0.56564
1.5721
-1.2364
0.77987
-2.0621
0.37776
1.3775
0.1338
1.5601
-0.45037
-1.0031
0.63203
-0.10635
-1.4044
1.2538
0.69865
1.4688
-0.87536
-1.4855
1.7099
-0.51204
1.4603
0.23015
-0.7855
-0.5039
-1.5378
0.8241
1.4785
-0.62754
-0.83388
-0.70654
-0.61475
0.20093
2.448
-1.8005
1.2499
-1.5286
1.5156
-3.1102
1.5602
-0.71565
1.3681
-1.443
0.12522
2.1706
-0.3816
-0.34347
-1.5381
0.55026
0.57087
1.7151
-1.8857
-1.2088
1.9253
0.13998
-1.2748
1.0101
-0.68237
-1.5121
1.0616
-0.71004
0.44371
0.90346
0.77419
1.5085
-0.41717
-1.5065
0.0053287
2.2731
-0.45905
0.097849
-0.58002
-0.39351
0.17534
-1.352
1.1693
-1.0107
-1.1345
-0.10944
-1.6664
1.6476
-0.28009
-1.5645
-0.42026
1.4742
-1.4769
0.99925
-2.4669
0.71482
1.5309
-0.17276
2.477
-0.58211
0.12159
1.6544
-0.94296
-0.69052
-0.55136
-1.6677
1.2021
-0.66548
0.45797
1.1659
-1.1883
0.30774
1.3663
-1.0144
0.7256
-0.58887
0.7078
-0.024413
-1.2557
1.387
0.15991
-1.7614
1.1405
1.4695
-0.61297
-1.9802
-1.7212
0.83052
1.5614
1.049
-0.1663
-1.5118
-0.12677
1.1589
0.86556
-0.66769
0.90235
-0.45745
0.22489
0.21088
-1.5698
1.3513
-1.1247
1.2076
-1.2553
-1.1139
-0.59173
2.5591
-1.2161
1.26
1.755
-1.002
-1.195
2.286
-0.70309
-0.31308
-2.1943
1.5054
2.1571
-1.4195
-0.58218
-1.493
0.58075
-0.86734
0.015857
1.2926
-1.1793
1.9529
1.6909
-0.21454
-0.61268
-0.86176
1.2549
-0.010687
-0.82794
-1.2399
0.65
1.5713
0.045872
-0.1097
-0.87325
-0.67739
0.7877
1.5438
-0.63431
-0.5479
1.9034
0.0514
-1.9008
0.042101
-0.71838
-1.4833
0.44798
1.8451
-0.96675
0.19808
-1.2969
1.5302
-0.4941
-1.615
-1.3816
-1.0157
-0.10653
1.5164
-2.409
0.82914
0.29454
0.92035
2.3193
-1.0545
-0.85615
-0.11672
1.4584
-1.2187
0.92768
1.8415
-0.072578
-1.2548
1.6629
-0.19929
-0.74349
-1.2544
1.9571
-0.85045
0.91002
0.0089199
-1.7141
-0.69907
-1.3347
0.45685
0.40413
0.99278
1.8128
0.07189
-0.52844
-0.84623
1.2536
-0.13328
2.1452
-1.0533
-2.3552
1.8246
-1.1056
-0.97333
-1.694
2.1087
-1.0392
1.2818
-1.4018
0.62132
-0.90539
0.76803
1.5501
-0.4106
-2.009
0.93606
1.6191
-0.87434
1.2738
-0.61575
-0.45364
-0.23204
0.83493
0.57144
-0.66783
-0.35095
-0.76643
2.0232
-1.4971
-0.32423
-0.19683
-0.79221
-0.017794
-2.6716
0.14519
0.99691
1.3036
-0.22118
-2.5884
0.91285
0.45151
0.51316
-3.3606
0.77509
-1.3888
1.5604
-0.7841
-0.49755
1.107
0.4325
1.0308
-1.4146
-0.1449
0.71199
1.937
-0.47839
0.0022338
2.2751
-0.42458
0.16485
-1.0069
-0.4367
-1.1279
1.4429
-0.87654
0.68937
-1.0254
0.48499
1.606
-1.3914
-1.3697
0.92013
-0.84701
1.0834
3.2662
-1.1701
-0.27189
-0.097069
-0.88114
-1.388
0.74839
-0.79115
-0.24372
1.8142
-2.2604
1.1781
-0.44835
-0.37758
-1.7838
0.80644
-0.17966
3.0966
-1.801
1.2992
0.42574
-0.82934
-0.0321
-1.0439
-0.96332
1.0341
-2.9222
-1.1977
1.0669
-0.22202
2.3137
0.0456
2.5855
-0.27212
1.0395
-1.1884
-2.8688
0.39355
-0.1517
0.83051
-1.0936
-0.040142
1.8828
0.39403
1.2147
-0.86621
-1.7095
1.9248
-1.8741
-0.55357
0.17952
1.1434
2.1757
-0.85717
-1.7483
0.23386
2.7117
-0.61805
-0.034162
1.2761
-0.53998
1.4289
-0.43902
-1.2397
-0.83941
1.3566
-0.070406
-0.91857
-0.24477
-1.5425
0.15355
1.2694
-0.93261
-1.9852
0.84483
1.3928
0.33773
0.97663
-0.089514
-0.54313
-1.0415
-1.7134
-0.53761
0.87039
-0.4153
0.76644
0.46411
2.9974
-1.2084
1.512
-2.9376
1.2537
-0.62198
1.2638
-0.77962
0.85361
-0.8026
-1.0232
-0.96579
0.20283
1.3485
0.18859
1.6225
-0.79032
-1.5318
-2.0735
0.15605
0.49101
1.0314
-0.47376
-2.0076
0.51006
0.37297
-0.62415
0.87766
0.38568
-0.194
1.7783
0.32916
0.83457
1.7648
-0.16991
-1.1732
1.887
-0.21894
-0.65998
-1.4017
-0.39068
1.839
-2.465
1.3225
-1.57
0.69923
0.23991
-3.2581
1.9612
0.22292
1.2341
-1.6351
0.0069379
0.65477
0.009181
2.7602
-1.253
0.80797
-0.83685
1.2082
-2.0009
1.2651
-0.21581
-1.2646
0.4834
1.7306
-0.85265
0.23909
1.0093
-0.44758
-1.0287
0.94199
3.2428
-2.2333
0.83547
0.65765
-1.6871
-1.3287
-1.2204
0.55017
0.90091
1.0969
-0.18451
-0.86973
0.75876
-0.2407
-0.62325
-1.1669
1.2477
2.2726
-2.3945
0.53502
1.4569
0.49331
-1.8336
-1.0568
0.54022
0.83689
2.126
0.3784
-0.55641
-1.0837
-1.0537
-0.082208
-2.3271
1.9466
0.34157
-1.1365
-1.1566
1.0213
-0.43525
-1.3418
0.048907
0.2292
0.49505
-1.1963
1.2904
1.8926
-1.9124
1.5533
-1.7096
0.037596
0.35735
1.9297
-0.76485
0.28349
1.5067
-0.24076
-1.2164
2.0672
0.3186
0.16348
-1.6246
-0.13753
-1.5635
0.67873
-0.77681
-1.0548
0.45688
1.3905
-2.2351
0.30368
-1.4408
0.16396
2.0604
-2.0894
2.5647
-1.6858
-0.34927
1.2783
-1.1562
1.2697
0.21586
-2.0456
1.1009
1.4822
0.18756
-2.2152
0.32121
0.4312
0.78647
1.3405
-0.027503
-1.0319
-0.49001
-0.080479
2.1441
-0.87637
1.2788
-0.6121
1.584
-0.22866
-0.97619
-1.555
1.0872
0.6507
1.5702
-0.72584
-0.32079
-0.45269
-1.8114
0.45541
-0.88755
0.49257
2.3598
-0.70274
-0.98062
-2.8867
0.11678
0.82051
3.3645
-1.6754
-0.52595
-2.0058
2.2386
-1.846
2.5206
-1.0243
2.2022
-1.2275
0.85361
-0.56851
1.2016
-1.79
1.2311
-0.89337
2.2584
0.28207
-0.95498
0.15982
-0.1303
-1.0837
-1.3456
0.73079
1.4765
0.15527
-0.26077
-0.79983
-0.55192
0.010977
-0.86181
0.96411
1.6333
-0.21291
-1.0311
-0.20404
-0.6372
-0.2443
-0.6389
-1.8686
1.389
1.8206
-1.4644
1.1364
-0.73991
-0.74135
-0.18844
-1.432
1.9823
-1.6512
1.5066
-0.56242
0.56126
-0.67459
-1.2261
0.31806
1.5487
-0.08034
-1.108
-1.174
1.0094
-0.41591
-0.28284
1.958
-1.5556
0.59037
-0.26154
2.3429
-1.3164
1.0231
-1.1351
0.50462
1.2326
0.21366
-1.2779
1.1165
-0.64511
0.82109
0.027587
-0.55083
-0.22497
-1.4654
1.3202
-1.0053
2.1359
-2.2025
2.6199
-0.43482
-0.61979
-1.6004
0.13744
0.41656
-1.106
-0.34184
-2.2706
0.90821
-1.3557
1.0454
1.15
-0.89419
-0.38062
1.7651
2.6732
-0.67986
-3.0731
1.4424
-0.018468
-2.1652
-1.015
2.0642
0.70663
1.8179
-0.50021
0.75809
0.097236
-2.0151
0.87522
0.17944
-1.4796
0.25403
0.58293
1.2495
-1.1659
0.88872
-1.0623
1.1836
-0.11375
-2.732
1.3992
-1.34
0.95017
-1.4414
-0.21551
0.92981
0.68662
0.90439
-1.1333
0.37125
0.70241
0.22657
1.7563
-1.7127
1.0891
-1.8195
-0.42607
1.8443
-1.3092
2.346
0.76229
-2.4449
0.04751
1.842
0.06028
0.32553
-0.52965
-0.0091301
-1.4097
-0.61542
0.18028
-1.7839
0.38164
-0.40387
-2.6264
0.68459
1.3947
0.45715
2.6951
-0.031701
0.81678
0.21217
-1.9452
-0.23643
-1.3659
1.4159
-1.5466
0.52556
-0.78378
1.5535
-0.64269
-1.7654
1.2106
-1.415
0.65836
2.2591
-0.089629
-2.9543
0.44969
-0.86099
-0.5349
0.80116
0.7145
0.50519
0.39172
0.81124
-0.19528
-1.5275
1.4299
-0.60988
-0.076751
1.3461
-0.16658
-1.2504
-1.465
0.10074
1.245
-0.60447
-1.6773
1.2172
0.0068732
1.1357
-0.74587
-0.6023
0.77087
0.99431
1.7846
-0.61529
-0.71612
-1.231
-0.10019
1.1523
2.6284
-0.44362
-1.6215
-1.2958
0.94378
-0.7886
-1.3331
0.42307
1.3348
-1.0181
0.40406
0.21526
1.4099
-1.8425
0.41976
2.1112
-1.3946
-1.4221
0.41239
1.6999
1.0558
-0.56583
-0.92519
0.77437
-0.24984
-0.86148
-0.49399
-1.1086
1.1065
-1.0824
-1.7297
0.5686
1.2332
0.60967
1.8404
0.19637
-1.319
1.2143
-1.1324
-1.1411
-1.2172
-0.58032
1.069
-0.25266
1.3131
0.21886
1.5333
-0.11445
-0.68325
-0.76987
0.37716
1.6157
-1.5874
-1.6963
-0.12861
1.2801
0.55779
-1.2751
0.40878
1.7395
1.2612
0.46345
-1.8629
1.5029
