-3.6476
1.88
0.86131
1.0867
2.3483
0.64955
-0.69014
-0.78585
-0.75805
-2.0008
0.52332
0.67747
1.7537
-2.0399
0.72165
1.5434
-1.4321
-1.113
0.51827
-2.7557
0.56148
0.72025
0.86389
1.6571
-0.74508
1.2278
1.0852
0.75053
-0.55253
-2.0564
-0.91257
1.4338
1.4655
-0.66435
-1.6827
1.3608
2.271
0.91714
1.0121
2.0107
-0.6905
-0.55935
0.88796
0.71502
0.60296
-1.2649
1.9046
0.59433
-1.2626
-1.6272
2.7626
-0.86105
-1.4372
-1.0686
1.1381
2.787
0.70432
1.7585
-0.99349
1.2568
-1.4117
-1.4273
-0.53536
0.65403
0.71209
1.2645
2.3783
0.98906
-0.6461
-1.1659
-2.2642
0.56086
-0.90594
-0.68359
1.5501
1.7836
-1.1173
0.51837
1.3549
-1.557
1.316
1.0907
-0.56028
0.82878
-1.9362
1.5215
-1.6581
1.0945
2.3644
0.83659
2.8323
-1.2356
0.57305
-0.71735
1.0179
-0.75687
-0.79347
-1.0736
-1.7002
-0.58828
-1.4971
-2.0359
0.74799
-0.82106
0.73791
-1.3731
-1.7462
2.6002
-2.0829
1.9531
0.84477
-0.61425
0.79334
0.98941
1.0492
-1.0318
1.1823
-0.75029
-0.62924
1.6555
1.0085
-1.0945
-1.64
-0.65447
1.2229
-0.94839
-1.4223
-1.2116
-0.65837
0.56464
0.73396
0.63539
0.53304
-0.63107
0.66104
0.78088
2.6264
-0.66017
0.74636
-0.78298
0.9432
0.848
0.89856
-0.62272
-0.51512
-1.0271
-1.049
1.8869
0.63948
0.83273
1.7028
1.3102
1.1467
2.6482
0.66725
1.4848
1.2076
0.58719
0.81852
-1.628
-0.64141
-0.95234
0.88707
-1.6
1.3765
-1.9112
1.188
-1.0332
-0.66299
-0.91312
1.7997
0.65092
1.1023
1.4339
-1.4426
2.0108
0.69645
-1.8849
-0.52398
0.84117
-0.54129
0.65001
-1.0135
1.915
0.61058
-0.59698
-0.73924
-1.0152
0.5208
1.2861
-1.4185
-1.2712
-2.4806
0.56594
0.8776
1.4396
0.59395
2.33
-1.2671
1.0373
0.86418
-1.7865
0.74375
0.78236
0.58814
0.88721
-1.4811
-0.64588
-1.5722
-0.67063
-0.9318
-0.94264
-1.1998
1.5501
-1.7099
-0.57359
-2.2571
-1.2155
-1.0572
0.65765
0.67428
1.0601
1.5857
1.9667
-0.70807
0.86161
-2.1228
-0.589
2.4365
-0.51538
2.2243
0.93672
-0.89199
-1.2806
0.53377
0.89042
-0.58013
-0.7542
-0.56827
-0.63228
-0.62157
-1.229
-2.1857
-1.2049
1.9563
-0.8305
2.1774
0.73062
1.6659
-0.53194
-2.3297
-2.1794
-1.2017
1.267
0.66285
0.57553
-0.56265
-0.6788
-1.343
-1.6258
-1.0153
1.415
1.3228
-0.60757
1.6981
1.5254
-0.68146
-0.70033
-0.64834
0.85348
0.6415
-0.65943
0.92492
-1.719
1.1019
0.55456
-0.92118
0.54458
0.87414
-0.58266
1.2636
-0.84407
1.0737
-0.51916
-0.88464
0.69658
-1.6202
1.8652
-2.1237
-0.92014
1.3742
1.0141
0.79463
0.9719
-2.6174
-1.9207
0.67712
-1.9932
1.4941
1.3464
1.526
0.68922
-1.6644
-2.9452
0.91927
1.8831
1.2353
0.63856
2.7748
0.55859
1.4806
1.1547
0.75005
0.79802
1.5386
-1.6417
-0.95621
1.3742
0.63136
1.2244
-0.71785
0.94757
-1.3007
-0.55206
-1.8318
1.3963
-0.8834
0.80655
0.5969
1.7308
1.1025
-1.5539
1.1748
-0.70121
-0.99188
0.78775
-0.75827
-0.82534
-1.6276
0.75074
-1.3588
-0.96658
-0.67628
1.4033
0.76216
-0.83714
1.2699
-1.1885
0.81364
1.2442
0.54145
1.3377
-1.8709
-1.3031
0.7034
0.53649
-1.5726
-0.9011
-1.0577
0.89821
1.4808
-0.61478
-1.1261
-0.96106
-0.747
0.58287
3.1235
-1.5743
-0.70947
-0.89011
1.2692
0.87129
0.53887
0.84856
1.275
-1.1777
-1.1023
-1.5916
-0.56696
0.61442
1.0505
1.452
-0.74435
0.74696
-1.4285
-1.4604
1.4535
-0.71882
1.5501
-1.5922
-0.53341
-0.71284
-1.6249
-1.2337
0.5991
0.62052
-2.742
-0.88683
0.91626
-0.56275
0.65828
1.2215
1.1201
-0.98512
-1.3359
-0.69565
-0.55649
-1.345
0.67861
-0.92332
-0.98306
-1.5205
0.77451
-0.99307
0.75688
0.83926
-1.4974
1.2289
0.96663
1.6436
0.54873
-0.85613
0.9714
0.7129
-0.72471
0.53166
0.66885
-2.5235
1.4468
-0.85805
-0.64205
1.7968
0.99474
0.72717
-1.0047
-1.9154
0.90181
1.4961
-0.87344
0.91063
-0.97129
-1.3046
-0.75577
-1.651
-1.7766
0.87737
-1.2013
0.81688
0.59105
-0.66469
-1.1203
1.1382
0.68439
0.75752
0.95404
-1.3982
-1.1225
1.1168
0.6035
1.0094
-0.73152
1.8125
-0.84834
1.262
1.3559
0.62289
1.6323
2.0661
-0.51905
-0.96716
-0.69234
-0.69446
-1.259
-0.98604
2.3018
1.9808
-0.56192
0.76088
-1.0367
-1.6611
0.95737
-1.2022
1.5342
-0.69168
1.2913
-1.6788
-2.2697
0.52253
1.1725
-1.7381
3.1752
-0.5573
-1.3457
-0.61187
0.94283
-1.6343
1.6804
0.82073
1.4847
0.66963
-0.51675
-1.3947
1.0454
-2.5142
0.69362
2.2471
-0.88119
1.1814
-0.65374
1.4094
1.0568
-0.56287
0.56312
0.78004
-0.67084
0.58862
1.2231
0.83432
1.5746
0.7363
-1.0639
0.66268
-1.3413
2.0163
-0.97493
-0.89905
-2.0986
1.4575
-0.76018
-0.93965
-1.3344
-1.4047
-1.2814
-1.229
1.8751
0.81787
-1.5384
0.97289
1.1736
1.2111
0.57455
-1.3514
-1.0684
-1.8558
0.97598
1.2564
-0.70034
-0.92757
-1.3478
1.0542
-1.5978
2.6985
0.8696
-1.8528
-1.307
1.42
-1.2501
0.82549
-1.9063
-1.1638
-0.52793
0.81486
-1.2956
0.91874
-1.3753
-0.52985
-1.8274
1.2773
-1.7978
1.636
-0.90581
-0.82747
1.6393
-0.5434
-0.65169
1.1818
2.4197
1.4124
1.0356
-1.6034
2.3608
1.8366
1.0765
0.72352
1.6092
-2.2649
1.4744
-0.75285
-1.4314
-1.2667
1.6628
-0.66269
1.127
-0.96013
1.13
-2.1257
1.1831
1.5066
-1.8128
1.939
-0.79826
-1.0809
0.71248
-2.4765
1.3791
0.67053
1.4693
0.74608
-1.4225
0.86498
2.5658
-1.2225
1.3315
1.3845
-0.82702
-0.81851
-2.2996
2.2542
-1.6802
-1.6682
1.3198
-0.895
-0.85286
-2.1657
0.96722
1.9057
0.70368
1.0549
0.90403
1.5264
2.0344
-1.6086
1.6886
-1.5508
0.75515
-2.6479
0.5445
-2.1937
-0.82476
-0.6084
1.7471
-1.2483
-1.9859
1.9827
0.99204
-0.58756
-1.0717
-1.2531
1.134
-0.80419
0.79877
0.84834
-1.1094
-0.91545
-0.93399
1.5681
0.63828
0.87038
1.3516
0.95049
0.52756
-1.0997
-1.5144
1.9475
0.89764
1.0867
-1.4516
-0.7639
2.4966
-1.1402
0.78469
0.82001
-0.70647
0.67334
-2.2986
1.1738
1.0189
1.4518
-0.69113
-0.88902
0.92178
1.102
1.543
1.6587
-1.2698
1.8143
0.66643
-1.9207
0.97198
0.67258
0.99538
1.3446
-0.97553
-1.1134
-1.211
1.8533
1.9758
-2.4908
1.7154
-0.58778
-0.88349
-2.0201
1.386
-1.3813
0.85787
-1.0897
0.585
-1.7724
1.8386
1.9103
0.60883
0.84719
0.75414
-1.8975
-0.81128
-1.1573
-0.53478
0.62158
1.6682
-0.85796
-1.8505
-1.3321
-0.7252
0.71452
0.52092
1.6392
-1.1265
0.72507
-0.72723
-0.90349
-2.1856
-0.9368
-1.3137
-0.70715
-1.5819
1.6661
-1.3808
-1.8161
-0.70359
1.7236
-0.5328
0.72944
-0.62235
0.78858
1.2747
1.6295
-0.91046
2.41
0.59721
0.60272
-1.3928
-1.7089
-1.0334
1.0962
-0.78171
0.65797
-1.1894
0.90815
-0.52463
-1.7335
-1.6145
-1.1096
2.4003
2.8418
-1.0936
-0.84899
1.6506
1.0058
-1.3523
1.714
0.86137
-1.2173
0.629
-1.7315
-0.64346
-1.1144
1.8188
1.0751
-2.2529
-1.3817
1.4345
1.1655
1.0135
-0.55732
-1.9779
-0.67596
0.53516
0.99411
-0.78261
0.58962
-1.0616
1.2166
-0.64698
1.7586
0.68212
-2.047
-1.5803
-1.4763
-1.2893
1.8478
-1.5973
0.85741
1.3668
-0.8978
-1.6689
0.72585
0.87726
-0.8056
1.116
-1.2153
0.716
-0.72222
-0.56359
-0.66519
-1.4002
0.90339
-0.95034
0.64714
-0.76667
-1.2471
-0.92726
-0.77323
1.148
0.92489
1.3034
0.52104
1.5522
-1.0859
1.4859
-0.73159
-0.83009
-1.6925
-1.8614
1.566
-0.81542
0.70141
-0.73009
-0.87796
-0.55526
0.77137
0.82552
-0.92431
-0.93763
-0.86725
-1.041
-1.4078
1.0067
-0.99303
1.422
-0.63997
-1.033
1.4588
1.1337
1.2947
1.4349
-1.1872
1.9977
0.54502
0.5565
2.5297
-1.1361
2.4018
-2.8731
-0.74325
-0.93406
-0.6936
-1.2858
-1.0736
-1.3632
1.5616
-2.8272
1.85
1.513
1.535
-1.2882
-1.0083
-1.1791
0.65251
2.4278
-1.9485
-0.57312
-2.8459
1.5118
-0.58475
-1.5582
1.4181
1.8469
-1.6842
-0.55574
0.68429
1.2079
-1.1227
-0.96382
-0.72749
-1.2944
-0.72436
-0.82746
2.142
-0.88627
1.0096
0.90003
-2.1387
1.2272
-0.82749
1.0499
-2.7305
0.77914
-0.6299
-0.87856
-1.7777
-1.3085
0.76612
-0.5946
-0.52136
-0.85717
1.7218
1.0092
-2.5593
1.0136
-2.0242
-0.59009
1.0385
-0.92468
0.87962
0.87843
2.2717
-0.82972
1.3586
1.2916
0.8421
-0.57845
0.75217
-0.63646
0.66148
-1.0315
1.9769
1.9148
-1.201
0.51598
-1.157
-1.7378
2.4061
1.8766
0.88051
-1.2458
1.1771
-0.64016
0.99854
-2.2279
0.89436
-1.7525
1.547
1.3173
-0.85741
-1.2882
0.54163
-0.83064
1.4836
-0.61315
1.729
1.7652
-1.4205
2.0011
-3.1763
-0.63476
1.0821
-0.58999
0.64693
0.80789
1.3366
-2.1055
0.9168
-0.79033
0.70084
0.9687
-1.5272
-2.0012
1.1931
1.6591
-0.95757
-0.541
-1.9466
1.7244
0.94225
-1.7241
-1.0064
0.58998
-0.93532
0.61701
0.54688
-0.55206
-1.633
1.4761
2.4706
1.1598
-1.7052
0.59831
1.5709
1.5237
-0.94292
-1.0803
1.5959
1.1469
-0.69453
0.7173
1.5171
1.5327
-1.6978
-1.7464
0.92889
-1.334
-1.3739
1.0523
-1.416
-2.2785
-0.57571
-3.2053
-0.97926
1.4204
0.79095
-1.1146
2.1027
0.59545
0.82615
-1.471
1.3452
-0.95246
1.1997
-0.85631
-0.74552
-0.98732
-0.95319
1.0719
1.6815
1.1229
1.2827
2.5432
1.004
0.74796
-1.6961
1.4576
-2.0638
0.83806
-1.6144
-0.60861
-1.2892
-0.6855
-0.86775
0.70918
-0.9151
1.2429
1.3464
0.97095
0.557
-1.1725
-0.56381
0.53645
1.2084
-1.0847
-1.1973
-1.5256
1.4558
1.0318
-1.8658
0.88064
-1.3652
1.1841
0.61565
-1.6307
-1.78
-0.871
0.71616
1.0474
1.7803
-0.95942
0.94337
1.3688
-0.62731
-2.0474
-0.59022
0.88078
-1.3111
0.79737
1.297
-0.73506
0.66448
2.573
-0.6539
0.58237
0.97084
1.0955
-1.739
0.96171
-1.408
-1.3986
0.70388
-0.75385
-1.0468
-1.5056
2.5115
-2.1486
1.0866
-0.56815
-0.57888
1.8305
-1.5933
-2.7151
-1.2172
2.0314
0.52344
0.85783
1.8166
1.0697
-1.2155
-0.69903
-2.3297
2.6302
1.4916
-1.2626
2.4934
-0.58902
1.1539
0.99845
-0.67754
-0.5644
-0.67477
-1.078
1.3939
1.7088
-0.51951
-0.99515
0.91174
-1.1006
1.8095
-0.66585
1.02
1.8698
0.6069
-0.63372
-0.64014
1.3678
0.79627
-0.76269
-0.56744
-0.60887
1.8222
0.57916
-0.64991
0.6401
1.2143
1.5848
1.8833
-0.85664
1.5306
-0.92883
-1.0295
1.433
0.6355
-0.67308
-1.347
-0.95513
-0.87451
1.1999
0.55152
-0.97908
-1.8222
0.65088
-0.56288
-0.61914
0.65925
1.1573
-0.84875
0.99963
-0.95336
0.62915
-0.79497
0.7946
-0.63542
-1.0523
1.1373
-1.1737
3.2073
1.3941
1.1467
-1.6707
0.54416
-1.4567
1.1084
1.5739
-2.0061
1.7315
0.54932
-0.63226
0.77085
0.66601
0.72468
-0.99984
-0.87511
-0.78656
1.2278
1.5465
-1.1007
-2.0644
1.2823
2.2236
2.2135
0.83441
0.73834
0.69477
-0.77891
-0.69829
1.9602
-1.0841
-1.1045
-2.4307
-1.4406
-2.1137
-1.3849
0.52936
0.9146
0.87964
1.3102
-1.938
-0.64309
-0.95229
2.5451
0.87427
-0.7033
-0.94729
1.1594
1.2543
-0.9741
1.9503
0.9845
0.74761
-0.86164
1.1258
1.1441
0.73717
-1.1087
-1.0098
1.2337
-0.91638
0.75723
-0.56584
-1.4444
0.66016
-0.98907
0.52911
0.70944
-0.61613
1.4835
-2.212
2.2219
-1.061
-0.73441
1.3275
-1.5435
-0.71695
1.8033
-1.2223
-0.58873
-1.0275
1.2596
-0.56667
-1.9467
1.2314
-1.9433
1.6946
-2.3644
-0.81333
0.56795
1.3096
2.2505
0.66304
-1.5395
1.073
0.87467
-0.77611
-0.98823
-1.2097
1.8141
-1.5022
1.1423
-0.72263
-1.0717
0.57773
-1.038
0.61619
0.86273
-0.90753
2.4797
1.9871
-2.6055
1.3136
-0.72837
-1.3508
1.1051
1.532
0.62478
1.029
-1.4099
2.1891
0.72906
-0.72805
0.89777
0.9507
2.0762
1.1293
1.4008
4.766
2.1665
-1.0651
-0.52616
1.575
2.128
-2.2496
-0.9724
0.61338
-1.9262
-1.0125
-0.6872
-0.64995
-1.0864
0.90947
1.9447
0.80601
-0.71332
-1.1723
0.96816
-0.73662
-1.3763
-2.115
-0.79595
-1.6913
-0.84467
-0.96475
2.0326
-0.79437
-0.88324
1.3974
-1.6765
0.61346
0.85097
1.2784
-0.64183
1.0477
-0.67691
0.91524
-1.2349
0.75873
-0.92425
0.99661
-1.4031
-0.88449
0.97264
-1.8862
1.6464
-1.1464
2.1187
-0.96364
0.70982
-0.5262
0.60179
-0.87874
1.0823
0.6217
1.6943
-1.3493
1.9666
-1.0986
1.2258
-1.034
-0.92593
1.1028
-0.54183
2.0212
1.2574
-1.0624
1.1452
-0.81359
0.59055
-1.2495
1.0754
1.6697
-0.55432
1.0055
-0.73505
0.95401
1.763
0.90741
-1.2164
1.0054
1.1452
-1.2816
-0.51351
-1.238
1.8218
0.64443
1.5228
1.112
-0.54892
-4.1609
-0.57819
1.2267
1.7264
2.3745
1.9977
0.59783
1.1323
-0.65865
-1.2597
0.8153
0.51531
-0.67321
-1.875
0.80149
0.77294
2.169
-1.5176
-0.9615
-0.83275
1.8436
-1.9289
-1.1057
0.56126
0.94053
-2.5752
0.76578
1.2324
-1.5241
-0.81269
-0.64546
0.63464
-1.0363
-0.57115
1.2929
-1.5047
-1.5368
-0.54811
2.0352
-1.0029
1.3204
1.3141
1.6689
-0.78825
0.97379
1.5934
0.68292
0.69404
-0.72049
-0.66822
-1.2758
0.73757
-0.64684
-1.5962
-0.52922
-0.57768
-1.3622
0.71384
2.1194
-1.2876
-0.73684
-0.68715
1.3532
-2.5016
-1.3971
-1.9915
0.79218
0.96829
-0.92118
0.53427
-2.3409
-1.2451
0.90896
-1.0496
-1.2793
1.1703
1.1068
1.0506
-1.5356
-0.58418
1.8601
-1.0996
0.6099
0.9325
0.75608
-0.79793
1.2648
0.77059
0.57344
0.83394
2.8004
1.4623
1.1243
-1.0048
1.7994
-2.315
1.9294
0.63775
-1.1799
-2.657
-1.0002
0.77664
1.5203
0.85305
-0.73987
-1.0846
-1.7651
-1.4485
-1.8865
-0.8286
-0.88641
1.0186
0.79035
0.67555
-1.2681
1.0837
1.1083
-1.9136
-1.2639
-2.1835
0.61441
0.85521
-0.55628
2.0327
0.64126
-0.52658
-1.0439
1.2958
0.6287
0.73815
-1.9701
0.79197
-1.4701
-0.95872
-0.5568
-0.55867
-0.574
0.61078
-1.5199
1.0049
1.022
-1.8324
0.71654
1.176
-2.3162
1.9017
1.3299
-1.0579
2.3964
-0.78644
1.0746
2.519
1.4034
-1.0613
1.6624
-1.7342
-0.59905
1.5915
-1.5837
1.7556
1.8398
1.0219
1.4682
-1.0297
-0.88501
1.6977
0.80814
0.90854
-1.038
1.9711
-1.6061
2.13
0.61805
-1.0268
-1.6399
1.1865
1.399
1.6313
1.5632
-0.54397
0.59824
-0.91281
-1.4394
-1.056
0.62797
0.52698
-1.3752
1.3347
-1.6
2.671
0.7547
-0.60574
-0.84421
0.91456
-0.81364
-1.4227
-0.59201
-0.54305
-0.59923
-0.87556
-1.6105
2.2725
-1.8866
-1.7293
-0.93079
-0.60991
-1.256
1.5605
-1.2002
-1.728
1.1083
-1.773
0.85174
0.68568
-1.1849
-2.4427
0.82727
0.66452
-0.88963
-1.0509
-1.6345
-0.73767
1.199
1.0907
0.70706
-1.1958
-0.87284
-1.7714
-0.68348
1.3188
-1.1689
-0.95513
-0.94869
-1.9695
0.82517
0.7744
-0.83075
-1.7665
0.81998
-1.1235
0.73994
-0.9384
1.6211
1.4982
-0.82653
-1.8301
0.80756
-0.94062
-0.81967
-1.2309
0.9247
0.51624
-0.62603
1.0041
-1.0344
1.1248
-1.1091
2.1399
0.90952
-0.85575
-0.54687
0.75887
-0.76887
2.1374
0.77551
-1.8503
0.5425
1.3667
0.77528
-1.063
2.1558
1.0615
-0.64499
-0.62256
1.5383
-1.2485
-1.5956
-0.77999
2.0734
1.1962
2.3808
-0.53808
-1.3766
0.70073
1.2479
1.1003
-0.51698
-1.2851
-1.9229
-0.58193
-2.0469
-0.93745
0.62711
-0.94179
-1.2146
2.7763
1.5351
-0.55656
0.53661
-1.2415
0.62496
-1.0917
1.7667
1.8357
0.92369
-0.79263
1.2063
1.0212
1.7338
0.55715
0.55726
-0.52434
0.64582
-0.59447
0.7023
0.62394
1.0726
-0.78504
0.73896
-0.57092
1.1598
-1.8395
1.8054
-2.3778
0.77668
-1.2325
-1.0698
-0.93009
-0.7921
1.6025
-1.0854
-1.718
-0.63171
-1.1548
1.6729
1.7003
1.162
-1.2608
-0.84397
0.60715
0.53519
2.4209
0.81451
-0.56852
-1.1095
-0.61245
1.3458
-1.4733
-2.4728
1.6859
-0.66497
1.7215
1.1781
-1.3541
0.87922
0.99001
1.2041
-0.69131
1.3468
0.53703
1.0713
-2.0117
2.3029
1.5928
-0.70055
0.71752
0.77841
0.89757
-0.90898
0.69894
-1.0389
1.3351
-1.8972
1.5856
0.62727
0.71682
-1.931
-0.85922
0.99203
-0.69564
0.56736
1.349
0.73366
-1.1168
2.0004
1.4811
1.196
1.7032
-3.213
1.0399
1.0751
1.4471
-0.77435
-2.1456
-0.80328
0.66006
-0.59261
-0.73295
-0.54646
-1.3517
0.72275
1.1323
1.2129
-0.63228
-0.63047
0.73421
0.70891
-1.3912
1.4746
-1.2166
-0.93729
0.91602
1.0707
0.55179
0.65644
0.54718
-1.9762
-1.1508
-1.0282
-1.2292
1.7818
-1.8958
1.0913
-1.2249
0.61795
-0.58972
1.5233
1.5608
-1.3964
-1.4996
-1.0055
0.78648
0.63223
-1.6419
-0.68697
-1.0347
1.5144
-1.3209
-0.69984
-0.68828
0.71342
0.7797
1.0761
-0.89384
1.0558
-1.106
-2.6985
-0.83329
1.6432
-0.75806
1.9759
-0.89914
-0.70582
1.4146
-1.0662
1.4024
1.2668
1.3457
-0.92412
0.79774
1.0015
-1.7579
-0.80043
0.51954
1.9041
0.55982
-0.82494
-1.5329
-1.0165
1.4169
1.6199
-1.503
0.74024
0.95315
2.2197
2.202
0.53676
0.52354
0.55881
1.0582
1.0765
-0.60581
1.1474
-1.5833
-2.1917
0.76189
-1.2905
-1.467
1.0986
1.6148
1.5059
-0.85423
1.3714
-1.5626
0.59944
-0.66766
1.1014
-0.75614
-1.5133
2.0462
1.0067
-1.1692
-0.73588
-1.6459
0.51769
2.2495
0.64935
1.0517
-0.58438
-1.1606
1.3979
-0.58516
0.74243
-1.2841
1.2828
0.6293
0.72603
-1.4886
-0.92222
-1.7258
0.54225
0.89864
-2.5139
1.0142
-0.97018
1.08
0.56333
-0.74491
-1.3898
-1.776
-1.1714
-1.7397
1.3142
-0.99825
1.5724
1.9614
-1.0015
-0.8447
-1.7912
-0.7809
1.5004
-0.61593
0.5876
-1.5391
-1.3555
-1.3586
-1.9087
0.74286
0.71649
-0.80551
-0.59406
-1.5876
1.8076
-1.5326
-0.74625
-0.59305
0.78421
1.7468
0.57028
1.0846
-1.3364
-1.833
-1.1285
-1.4406
-1.9418
0.86323
-2.1216
-2.0457
-1.7532
-1.336
0.82939
0.78003
-0.80301
0.8375
1.57
1.9244
-0.78496
-0.91209
-0.87115
0.53515
0.78901
-1.1997
0.85431
1.065
-0.84766
1.4929
-1.9756
-0.84232
1.6475
-0.58496
-1.0627
0.82456
-1.9316
-1.1276
-1.1179
-1.8449
-0.93297
-1.9207
0.95589
1.9765
-1.0338
-1.5028
-1.1263
-1.6615
0.78358
-2.3352
0.86201
1.7932
-0.71835
0.78339
-0.55196
2.0511
1.5506
0.86461
-1.1156
1.1024
-1.674
1.3866
1.3184
-0.76883
-1.1465
-1.3183
2.6575
1.6114
-2.4811
-1.0103
0.78485
1.3854
-0.85363
-0.87743
-0.85511
-1.0792
-0.82159
0.62272
-0.60226
1.1119
1.0981
-0.80822
0.78525
2.4967
-1.0129
1.002
-1.0907
-0.9984
1.5688
1.4758
1.1989
-2.0081
1.1519
-1.3649
0.55597
-0.69101
-0.9285
0.71938
0.84577
2.2709
0.85757
-1.904
1.0077
-1.0835
1.8542
1.1195
-0.52402
-0.8687
0.59257
-1.018
-1.4306
0.85534
-0.71446
-2.5191
-1.7677
0.96365
-0.57672
-0.71981
1.4665
-1.1537
-0.55557
2.4356
2.019
-0.53202
-0.88046
-1.1895
-0.79278
0.77375
-1.0107
-1.3391
-0.72571
-0.58006
1.6128
0.57355
0.84806
-1.4749
0.7244
-2.6592
-0.54639
0.95417
-2.3867
-0.7618
-0.5236
-2.2805
0.94551
1.3027
-1.357
-1.3072
1.0923
-1.0926
0.77511
1.5981
0.97141
0.77278
0.9188
0.62425
-0.8198
-1.3331
0.98495
0.89264
0.72212
0.85989
-1.0685
-1.0156
-1.7065
2.2042
1.4563
-0.58154
-0.77513
1.7062
-1.3342
0.54629
-0.68116
1.2179
1.4572
-0.79955
-0.90883
0.75269
0.60915
-0.6548
-1.7679
-1.5309
0.7074
1.5509
0.77033
-0.54204
-1.6049
-1.4804
-1.6856
0.5414
-0.81229
-0.54505
-1.1187
-0.82882
0.84355
-0.9144
1.2348
-1.5207
0.91808
-0.63953
1.7934
1.5483
-0.65592
1.0794
1.3625
1.8202
1.6558
0.55431
-1.2607
1.1035
-1.4821
-0.62598
-1.2267
-1.3373
0.94677
0.66487
-1.0902
-1.427
-0.55385
1.1518
0.59683
-0.86118
-1.1957
0.53365
0.89262
-0.70484
1.3722
1.4314
0.7909
1.4384
1.3809
0.68696
0.83109
0.58635
0.5887
-0.64238
-1.1447
0.97322
-2.72
1.0061
-0.58164
0.53625
-1.955
-2.1275
0.73897
0.64101
-0.77613
-1.7068
-1.2136
1.0753
-0.80092
1.1243
-0.93007
0.58872
0.73981
-0.9084
1.0795
-0.52959
-0.843
1.2325
1.364
-0.74667
-1.2932
0.61796
0.53924
1.1937
-0.57121
-0.948
1.2524
-0.8868
1.6102
-1.4917
0.56112
0.57782
-3.5108
0.88467
0.63648
0.76065
-0.68616
1.4651
1.2504
-2.3304
-0.54766
1.3734
-1.0027
-1.1276
-0.84341
0.90516
-2.8279
1.1311
0.95848
1.3723
-3.3007
-0.55981
0.89868
-0.94317
0.54733
-0.77509
-1.1768
-0.63451
1.2365
-0.94341
1.2704
1.0328
0.62316
-1.3702
-0.91916
1.4246
-0.8794
1.7069
-1.2889
1.4821
0.89546
-2.0117
-1.8034
1.0036
1.3538
-1.4594
-1.6163
0.56658
-1.2926
-0.99816
0.54768
-0.88052
0.95428
1.1758
-1.5189
-1.1906
1.9603
-1.0001
0.69547
-2.0065
-1.0165
0.7963
0.77893
1.1085
-0.57709
-1.1274
0.61438
-0.56478
-1.213
1.5804
-2.4635
-0.94921
-0.68598
-0.7627
-0.694
1.5277
1.4586
2.4325
2.3362
-1.4412
0.64154
1.2908
-0.7065
-0.70734
0.57526
-1.2185
-0.9337
1.6182
1.0099
0.77731
-1.5124
-0.71698
0.85238
-0.74029
1.7759
0.77585
0.90946
1.4102
-0.95244
1.8238
-1.2806
-0.9938
0.94155
-1.3577
-0.90454
-0.53993
-1.089
-2.2262
-0.84321
-1.0607
-0.79096
0.86445
-1.8452
0.57801
0.68938
-0.75523
-0.87433
-1.3809
0.62797
0.51893
0.92857
1.4942
1.7622
0.91661
-2.5729
0.7419
1.5816
-2.2378
1.3189
0.81565
-1.1789
1.0223
-1.1965
-1.5983
-0.68509
0.73952
2.4882
0.77999
-2.5675
-2.3191
0.6466
1.6674
1.7645
-0.93802
0.60976
0.53431
-0.72466
1.8228
2.241
-0.79064
-1.1661
-3.2681
-1.0396
0.71915
1.1536
-0.8089
-0.68499
-0.52665
0.93068
1.1044
0.59236
0.52066
0.80464
1.3125
1.3118
1.1693
-1.3034
-1.887
-1.1246
1.6943
-1.5719
0.56077
-0.51567
0.5826
0.92766
-0.67737
1.8627
1.2644
-0.7784
-0.70664
-1.0455
0.92504
1.5927
-1.0769
1.475
2.2351
0.58385
-0.91531
-0.88687
-0.71379
-0.70264
0.86935
-1.2236
0.77208
-1.0467
1.1558
1.7572
1.5442
2.0226
2.1282
-0.88384
-0.57123
-1.4725
1.2499
0.65831
-2.2232
-0.68068
1.0114
0.99362
-1.8412
-0.79777
-2.094
1.9803
0.91092
-0.9207
1.6329
1.3042
-0.72558
-0.54111
-1.7743
-0.63622
0.56503
1.5474
-0.93324
-1.1948
0.77475
-1.5613
-1.549
3.2175
0.64106
1.1754
0.83768
-1.1958
-1.0159
2.0054
1.4993
0.7097
0.6595
1.2986
-0.88859
1.2616
-1.3685
-1.2699
-0.86164
1.0289
-0.97265
1.5578
1.8763
1.7856
-1.1298
-0.57747
2.519
1.4152
1.0893
-1.7846
-1.2167
-2.0194
2.3092
-1.3146
0.74151
1.1759
0.83634
-1.4139
0.97886
-0.68845
-1.2165
-1.2883
-1.6208
2.2902
1.6531
-0.87018
0.79349
1.4411
2.3666
-1.0426
-1.6851
1.1592
-1.0636
-1.1743
0.69133
-0.967
0.64537
0.92561
1.8021
-0.84287
1.0177
1.2174
1.501
-2.1181
-0.60221
-1.2738
1.0429
-1.1962
2.5584
1.3899
-0.66125
0.80549
-0.72154
-2.8404
-1.8862
1.2542
0.6343
-0.74071
0.55996
0.72889
-2.3899
-1.406
1.3119
-2.2209
1.1298
1.6041
-0.8772
-1.9067
-0.88083
-0.58752
0.55598
0.55946
-1.0266
0.55045
-1.6114
-2.0957
0.95504
-1.7599
-1.0053
2.8654
-1.5462
1.0605
-0.68141
1.0635
-1.7771
0.78346
-1.9099
-1.2791
-1.2531
1.0485
2.8126
1.0674
1.2466
-0.79897
1.1597
-0.70451
0.53385
-0.60513
0.53045
-1.4211
-1.345
0.78065
-1.3543
0.69182
-0.86267
-1.5231
-2.4475
1.109
-0.6965
0.61127
-1.0582
-1.0328
-0.5401
1.2437
-2.1709
0.96344
-2.0322
-1.1091
-0.8998
0.69179
-1.5835
-0.59783
-1.2288
2.2846
1.878
-0.67105
1.3149
-0.769
1.5223
-1.9905
-0.99847
-0.67469
1.8269
-1.5008
1.718
-0.61487
-0.66718
1.0695
2.3781
0.59754
-0.71067
0.82299
-1.8238
1.908
-1.5033
0.54508
-3.7041
-1.3376
-1.2857
1.0785
1.5167
-0.55564
-0.62314
2.1369
-1.5438
-0.77041
1.2943
-1.4992
-3.2379
-1.6349
-1.7634
-0.72859
-0.76841
0.67926
0.72157
-1.1159
1.4691
1.0301
-0.69594
-1.6334
0.72236
0.82148
0.73231
-0.74065
-2.6762
0.75649
0.75392
-0.90501
-1.5642
-2.2086
-0.56252
0.58236
0.69786
0.58615
1.1584
2.1526
1.6656
0.83697
1.585
0.61298
0.89643
-2.3213
1.3255
-0.92822
0.65946
0.63061
0.62428
0.73862
1.085
1.1538
-0.72763
-1.6574
0.76992
-0.84926
1.5375
-1.4653
0.72981
-0.79806
1.21
1.0346
-1.1507
0.90648
0.52942
-1.1595
-1.8707
-0.56738
-2.1747
-0.6318
0.51797
-0.75327
1.2834
-0.65632
-0.53174
1.1666
1.6003
-1.7133
-1.2955
-0.96497
-0.52354
-0.56496
0.79002
-3.0364
-1.6569
-1.5296
-0.89875
-1.3476
1.3045
-1.5456
2.9122
1.3188
-0.86976
1.0118
1.3218
1.103
-2.3959
2.8829
-0.51655
1.4457
1.5079
1.5392
-0.87113
0.8892
0.74306
-1.395
-1.4118
0.96409
-0.60294
-2.107
1.1363
-0.69732
1.6209
-1.3284
0.61337
1.9446
0.57513
-1.4942
1.4804
2.2699
1.044
1.4884
1.6106
-0.67018
2.1737
-0.75184
-1.223
-1.828
-0.7985
-0.7335
-1.9099
-1.0431
1.3338
0.88747
2.0542
-0.59193
-1.4811
-0.52117
2.331
-1.9714
-0.6418
-1.7394
1.2754
0.71693
1.8232
1.2199
-0.93677
-0.7392
0.61835
1.349
1.522
-1.512
2.4257
0.95552
-0.7705
-1.3202
-1.5368
-1.1338
0.52705
1.0907
2.5487
-0.83392
-1.6125
-0.52666
0.62797
-0.56094
-1.9108
-0.58521
-1.3135
-1.2461
0.58095
0.82275
-0.90823
1.8314
-1.838
-1.2141
1.9112
-1.0063
-0.62291
1.6223
0.57673
1.0635
-0.88398
-0.55342
-0.57666
1.3605
0.68599
0.93496
1.5801
-1.2775
-1.0151
1.8653
-1.1457
1.6799
-1.8851
-2.464
1.9924
1.4252
1.3393
1.2505
1.1439
1.5643
-1.1794
0.59138
-1.3181
-2.2286
2.4202
-1.179
-2.3248
2.1725
-1.918
1.222
0.59908
-0.74361
-0.51795
1.1486
-1.0874
1.4655
-1.1395
-1.9944
1.6726
-1.4873
-0.58672
-0.88287
0.66129
0.9001
0.6901
-1.0341
1.1183
0.54435
1.0364
-1.891
-1.0958
-1.0529
1.3864
1.9177
1.0268
1.4115
1.0088
0.6779
-0.68233
-1.117
-0.63473
-2.7259
2.1658
-0.69104
-1.8602
0.52271
-0.89861
-1.1829
1.3166
1.0397
0.69038
0.73197
0.95869
-1.0049
-1.0307
-1.512
2.2346
-1.7459
1.287
-0.59008
1.3291
-0.55399
0.62957
1.3607
0.65621
0.7615
-1.3188
1.2502
2.5589
-1.6106
0.72836
1.1257
-1.0253
-1.2191
0.94734
0.67075
0.90666
1.1716
-1.4323
-0.61842
0.77037
1.2614
-2.1351
-1.453
0.80984
1.0888
-1.7797
-1.1095
1.7132
-0.69622
1.3461
-0.88322
2.2282
0.91014
1.0246
-1.1191
0.88381
-0.93939
2.417
-1.625
2.3871
2.0852
-1.6303
-0.55823
-1.0487
-1.3113
1.8471
0.60987
-0.62315
1.7746
-0.78889
1.0033
1.1039
0.53416
-1.6164
-1.7819
1.6333
-1.5725
-0.57475
-1.3677
1.3434
1.6334
-0.78833
-1.7923
1.742
2.3356
0.79165
0.8083
1.8549
-0.82893
1.3486
1.1661
0.95071
-2.3319
-0.95482
-0.60456
-0.82827
1.2879
-0.88749
1.3168
0.76473
0.61907
1.2656
-0.93184
-1.9278
-0.76173
-1.7813
-1.1387
2.4437
1.6249
0.7893
-0.71719
-2.7565
-0.88304
-1.0039
0.63377
-2.3321
-1.6896
-1.0729
2.3925
0.97592
-0.66633
1.1079
-0.58116
0.69009
-1.0986
2.231
-0.56541
1.2186
-0.58079
1.0561
-1.4912
0.62425
-0.88579
-1.1753
1.0784
-0.86471
-1.874
1.0885
-0.9345
-0.90356
0.53278
-1.1331
0.65938
1.3644
0.63289
0.75948
-1.162
-0.63565
-0.89532
-2.4327
1.5728
-0.77782
1.6604
-1.6474
1.1326
0.70561
-0.70378
-0.71773
0.81697
-1.0999
1.171
-2.0951
-0.51995
0.51787
0.52858
2.9396
-0.69793
1.5283
-1.3329
-0.77471
-1.2653
1.8486
1.514
-0.76467
1.8533
1.5172
-1.0471
-1.9415
-1.519
1.9322
1.6522
1.0875
-1.1372
1.2161
1.6157
0.7431
-0.56917
0.94979
0.75034
1.7276
-1.0183
-1.7898
1.3234
-1.1437
0.60656
0.71254
0.51537
1.4066
1.2736
-1.3026
-1.9731
0.67787
-1.1864
-1.2878
-0.81967
-1.2351
0.70773
0.63131
-0.73523
-1.1352
-0.56225
1.4495
-1.2568
1.3684
0.84443
1.6181
-1.1414
-2.3
0.64336
2.5107
0.79795
-0.92474
-1.1394
-0.64236
-0.71432
-1.5309
0.70159
1.2097
-1.4925
-0.96295
-0.78593
1.0234
-1.0881
-0.551
-1.3152
1.425
1.7962
-0.72351
-1.2845
1.7743
0.86735
-0.55016
-0.66986
0.88894
0.86999
2.0363
2.1029
1.549
2.7054
1.3432
2.3972
1.495
-1.0389
0.84887
-1.2196
-0.67915
-0.94106
-0.95334
1.0521
0.68062
0.98879
0.77256
2.7539
2.467
1.064
0.59322
1.0951
1.0809
2.1198
0.94219
0.72712
1.3489
0.53521
-1.4026
-1.1376
-0.81664
-1.0623
0.53141
-0.68236
-2.324
0.71969
-1.5576
1.3095
-0.78179
2.1105
1.2992
-1.2682
-0.69119
1.1428
-0.81901
-1.3623
-1.1024
1.6792
-1.0018
-1.8361
-0.77511
-1.921
-2.3823
-0.67807
-1.3185
-1.5515
-1.1437
-0.57384
1.4901
-1.1275
0.82295
1.2457
0.87065
1.3093
-0.86585
0.7944
1.6866
-1.0686
0.76251
-1.5948
-2.4906
-2.0024
1.4491
-0.84979
1.737
1.8598
1.0906
1.531
0.7402
-0.71492
-0.91982
-1.4603
-0.85187
-0.61072
-0.74627
-0.91633
-2.0673
1.0426
1.8489
-0.76308
-0.72565
2.3206
0.68776
-1.3968
-0.68727
1.2712
1.7018
-2.474
-1
1.8664
0.72132
-1.0704
-0.63863
-0.54894
1.3122
0.90027
1.0565
0.62517
-2.0826
-0.68747
-1.2085
-1.4086
0.71933
-1.0775
1.2214
0.99276
-0.88333
-1.2438
0.96038
2.0033
0.62842
-1.0384
-0.9667
0.72936
1.0681
-1.6343
1.4329
-1.2548
-2.0103
-0.86551
-1.3643
-1.3938
0.64559
0.5365
-1.0496
-1.2797
1.8912
-1.2398
-0.87712
0.82487
-0.71678
-0.97165
1.0135
-2.0209
0.74106
-1.0581
-1.6479
-1.2477
-1.3986
1.1503
-1.0876
0.7122
1.1019
-0.70268
-0.85205
-1.6354
-0.70584
0.95021
0.58562
-0.79562
0.77729
2.4207
-0.56246
-1.8163
1.3638
0.80525
0.65304
-0.72409
-0.58008
1.0557
1.0642
-0.58415
-1.3949
1.0925
-0.57844
0.98677
-2.9651
0.82094
0.51921
-1.8345
-2.596
0.95565
-0.9852
0.84322
1.381
1.3133
1.2189
1.7455
2.2864
0.56964
-0.9826
-1.1084
-1.7626
-0.72111
-0.62698
1.243
-0.68563
-1.0854
-1.6794
-0.93287
1.2429
-2.5771
1.1721
-0.85935
1.0838
-2.5916
0.65347
2.002
-0.59637
0.64924
1.4237
0.67508
-0.96385
-1.2123
-0.5779
-0.87785
-0.89088
-1.1038
-1.0286
1.8729
-1.5126
0.78558
0.67077
1.5013
1.2734
-1.8568
0.78046
1.0094
0.51897
2.353
-1.5268
-0.87187
-1.2377
1.1518
-0.61664
0.64748
-1.0783
1.3217
-0.68912
1.0428
-0.55017
-0.91285
1.3598
0.82157
-1.0011
-1.2569
-2.1166
-0.74526
-0.77815
-0.8215
-1.1893
-0.74978
-0.56324
-0.85759
1.431
-1.7013
-0.95324
-0.67654
0.89934
-1.697
-0.73852
2.064
0.75673
0.55354
0.77549
1.5113
-0.88348
-1.7056
-0.80807
1.2023
0.81376
1.1184
-2.9665
-0.6252
1.057
1.8674
0.7931
1.4379
0.51741
0.6182
0.57443
-1.56
-0.55262
-1.0122
1.708
-1.5852
1.0536
0.63656
-1.0047
1.8714
-2.1918
-0.63686
-1.286
0.69618
1.206
-1.2595
1.9955
1.5628
-1.1337
-1.0547
0.72149
0.80223
-0.91064
0.80247
-1.423
0.53434
0.84542
-0.81274
-2.1695
-0.80843
-1.7193
-1.3618
0.73432
-0.55495
-0.81257
-0.78391
-0.62972
1.6243
1.7437
0.644
-0.88651
2.109
1.5703
1.4591
1.6893
-2.1068
2.1878
-1.5415
-0.7079
-1.9368
1.1379
0.82705
1.5471
-0.97705
1.5816
-1.0766
-0.81023
-0.98826
-2.6691
-1.9313
1.0538
-0.59097
-0.97107
0.93693
1.1954
1.0352
-0.52796
-0.84818
1.9888
1.4896
-0.6197
1.2884
-0.69778
-1.2881
-2.1273
1.1789
0.81019
-0.70796
0.64235
0.56028
-0.83709
-1.176
0.91159
-1.4214
-1.5497
0.65757
1.6003
-1.2483
1.1613
0.75789
0.86844
0.52316
-1.0609
-1.3843
-1.0519
-1.0519
-0.71382
-1.1767
-1.7395
-0.5137
0.53169
1.1967
1.6317
-1.5404
-0.74133
0.75884
-1.2723
-0.67272
-1.4953
1.5604
-1.8721
0.90246
0.60929
0.64475
0.52591
2.575
-0.89167
-0.58699
-2.0359
0.80632
1.0185
0.54706
2.8777
0.53752
-2.151
1.5973
-1.2536
-0.74513
-0.80839
-0.88446
1.8439
0.60684
1.9115
1.481
-1.1894
2.014
0.63978
-1.5169
0.81071
-0.65927
-2.054
1.3476
-0.58057
0.64534
-0.66269
1.2324
-0.72692
1.2018
-1.676
-2.001
-1.3004
-1.245
1.9484
-0.91706
1.1237
1.2356
-1.8288
0.87618
-0.58253
1.781
-2.0812
-0.82187
-0.75378
1.2406
0.68362
-0.97622
0.5359
-1.9801
0.90967
-0.7433
1.5878
1.068
0.72522
0.66569
2.4077
2.1584
1.139
-1.5215
2.0848
0.68967
1.0766
-1.0505
0.59638
0.61164
-0.69721
1.2566
-0.65878
-1.6105
1.5328
-1.1639
1.1047
-0.73644
0.70563
0.66666
2.0616
-1.31
-1.9132
1.3648
-2.3448
-1.2941
2.0668
-0.54591
1.5372
-1.0366
1.0531
-0.90458
-1.1969
-1.0322
-0.68122
-0.85985
-2.4456
1.5391
1.2698
2.2204
1.1166
1.2143
-1.9064
-1.9509
-1.3269
1.09
0.63663
1.4394
-1.913
-0.9322
0.51735
-2.1062
1.3829
0.64565
-2.0631
0.84317
-0.54938
-1.9382
-1.196
-1.0615
-0.8492
-0.78434
-1.4997
1.6228
-0.96243
1.6303
0.67234
1.1652
1.9269
-1.7212
1.3981
2.4489
-1.7591
-1.0932
-2.2426
-1.6965
0.71992
2.1332
0.51632
-1.348
0.90191
0.66305
-1.2063
-0.97123
0.66157
2.3258
1.2829
-0.85942
-1.0711
-1.2809
1.0838
1.5611
-1.3012
1.4909
-1.0252
0.87518
-1.4446
1.5576
-1.6337
0.97717
1.8846
1.3189
1.017
-0.78872
-1.5876
1.4285
1.4063
0.99862
0.59155
0.82166
-3.9928
2.0752
-0.83954
1.0991
1.7611
1.4517
-1.231
1.4512
-1.892
-0.86995
-0.88915
1.0837
-1.1635
-1.6115
0.74151
1.226
-0.79818
1.5283
-1.9258
-1.6275
-1.4332
1.1414
2.7117
1.1598
-2.1458
-1.3782
-0.85574
0.65426
-0.61786
-0.90553
-0.85723
0.5414
-0.7462
1.3675
0.91302
-0.84844
-1.9851
-1.2316
-1.4468
1.6174
-1.28
0.63778
-0.5214
2.0693
-1.3707
-1.1722
-0.91125
-0.92626
-0.56005
0.894
-0.70449
0.82849
1.3092
-1.1486
1.2125
0.73376
2.4358
-1.6779
0.6271
-1.2338
-0.78834
-1.936
-1.2685
0.76383
-0.52644
-0.5597
0.82211
-0.6603
0.56826
-0.54933
0.5542
-1.0246
1.0632
-1.1465
-2.029
-1.2494
-1.2404
-1.1496
2.0601
3.0768
-0.54559
0.69014
0.69648
-1.0226
0.81106
-1.5154
-1.1665
1.8298
0.60295
-1.6091
-0.56421
-1.9461
1.1727
-0.52555
-1.4335
0.53186
-0.99335
0.96453
0.53496
2.3524
0.88909
1.0832
0.75204
-0.60545
1.14
1.5377
-1.8056
-0.52207
-1.1158
0.55994
-0.65517
2.3288
-0.95311
-0.9309
0.92123
1.5911
1.1812
-1.1171
-1.6402
1.163
-0.96136
-0.93675
-0.56724
-1.2449
1.0886
1.3977
-1.0464
1.1484
1.4598
0.99886
-1.2368
-0.95563
1.4363
-1.3704
-0.93794
-1.3204
2.0017
-2.0059
-0.83621
1.4738
-1.2561
-0.54509
1.6627
-1.5516
0.88976
0.81768
0.97223
-1.0307
-0.99414
-0.66405
0.62695
1.7993
0.87349
0.96889
-0.64093
-1.086
-0.7876
1.2063
0.56575
-1.5954
1.3518
0.81424
-0.71012
-2.0057
0.57275
1.3278
-0.86581
1.581
-1.5893
-1.0921
0.6165
-1.0906
0.79174
-0.8609
-1.0673
-1.6042
-1.1434
-0.89918
-1.5049
-0.51568
-0.75029
-0.56477
-1.0131
-0.57338
1.2067
1.8544
-1.1057
1.3841
1.441
-0.51383
-0.64379
-0.65915
-2.1779
1.1793
1.576
-1.3282
0.66704
-1.3361
0.6087
0.78468
0.61962
0.53772
1.0015
0.71449
-1.0559
1.5496
-1.6331
1.1602
-0.6908
2.4728
-1.6785
1.0717
1.0054
-1.904
0.75725
0.66507
1.3786
-0.51932
1.9679
0.80391
-1.1108
1.4598
1.0497
0.68318
0.9504
1.4734
-0.60547
0.73202
-1.9497
-0.61093
0.76063
-0.90711
2.4014
1.0571
-0.8582
-0.98956
-1.1888
-1.1074
0.80559
-1.3055
-1.3607
-1.2463
-0.69055
-2.099
-0.98516
1.5225
2.2427
2.3824
0.79012
1.2614
-2.1103
-0.64115
-0.55418
1.6914
1.4332
-0.83286
-1.4966
2.2536
0.54377
1.1416
-1.0606
-0.91066
0.52469
-0.59804
-0.70971
-0.78362
0.98277
1.7276
-1.0945
1.4721
-0.60496
1.7538
-0.64967
0.73605
-0.86607
1.9891
-0.86099
0.64149
-0.77197
0.73669
-0.66801
1.6609
0.62819
-0.7913
-1.6064
-1.1363
-2.0456
-1.2774
0.95747
1.4078
-1.3351
1.6529
1.6994
-0.98135
0.93099
1.8596
-1.004
1.6214
1.0576
0.8284
-1.4417
0.97893
1.5031
1.4997
1.378
-0.60174
-1.5315
-0.55849
-2.3759
2.1008
-1.4628
-0.7601
1.7333
-0.91873
1.5282
1.1683
-0.86708
0.51668
-1.1926
1.918
-1.2883
1.0562
-1.151
-1.9173
-1.5995
0.75441
-1.2069
1.6127
1.9791
1.0134
1.1665
-0.92967
-0.78756
-1.6481
0.75506
-0.92406
-2.1794
-1.5216
0.75371
0.71496
-1.8579
-1.1277
1.0636
1.6712
-2.3852
-0.71733
1.319
0.67218
-0.69088
-0.76885
-1.5765
1.8163
-1.1895
-2.989
-1.1818
-1.0152
-0.69151
-1.2544
-1.1657
0.58273
1.0493
-2.6464
-1.6997
1.12
-0.91104
1.2351
-0.66687
-0.97625
-0.85048
1.3036
0.9075
1.3668
-1.1551
-1.5407
-0.72697
-0.8326
-1.5512
-1.0363
-0.66354
1.0741
-1.9493
-1.7305
-1.3514
-1.5713
0.95771
0.57993
2.3991
-1.1238
0.94155
-1.338
-1.1862
0.73391
-1.311
-1.3157
0.80021
1.0826
-0.59371
-1.8067
1.7674
0.57788
0.5232
0.66681
-1.1572
-1.6422
0.67423
-1.0168
-2.3571
1.2683
-1.501
-1.2838
0.65005
0.70603
1.302
0.9942
1.8558
-1.2174
-1.7871
-1.2324
0.99646
-1.4524
-1.6256
2.0938
1.1627
-1.0247
1.2638
-1.2949
-1.0692
0.98846
-0.75654
-2.9595
-0.53057
1.4465
2.0485
-1.4174
-1.193
1.2778
0.60193
-0.62471
1.2618
-1.0597
1.5673
0.8373
-0.76749
1.0488
1.0732
1.9084
1.2692
1.1059
-0.52778
1.9025
-0.5946
0.60467
0.75753
1.2758
0.6413
1.2846
1.2019
-0.65342
-0.59295
0.56014
-1.4141
1.498
-0.73065
1.4703
-0.9319
0.75678
1.4259
1.5976
-1.5274
-1.0197
0.51989
1.8447
-1.0387
-1.0163
-0.85379
-1.4461
0.85411
-0.94236
-1.213
1.1027
1.7209
-0.85278
0.71698
-0.81923
0.58108
0.97877
1.2214
0.6494
-1.3266
-1.6298
1.6078
-0.53814
0.79959
1.9252
1.0279
0.55466
-1.2016
-0.84866
-0.69917
1.3496
-0.76337
-1.4666
-0.86388
-1.3172
-0.85374
-0.57741
-0.61357
-0.73251
-2.3461
-1.2827
1.8565
0.9393
-0.75165
0.88685
-0.5443
0.82424
0.65018
0.83561
0.76062
-1.2736
0.5765
1.096
-0.6963
-1.2948
1.0551
0.80086
1.0982
1.5716
-0.56854
-1.604
1.7293
0.67569
-1.0175
-0.69394
-0.73148
-1.137
1.2418
-1.177
-0.66249
-0.70208
-1.2563
-0.97673
-1.7523
0.67784
2.5702
-1.2956
1.2258
-1.1847
-1.8132
2.2252
0.76965
-1.1678
0.75473
0.93725
-2.0466
0.76015
-0.58307
-0.81859
-0.72606
0.78812
-1.0879
1.1269
1.4277
-0.81188
0.8405
-0.60808
0.8152
0.99799
-0.90412
-0.59751
1.4907
0.96935
0.6961
-1.3031
1.1083
-1.886
-1.0801
0.67213
-1.8587
0.78313
-0.57156
-0.9413
0.66844
0.89787
-0.68194
-0.61575
-2.0244
-1.4162
-1.0533
0.73374
1.3076
-1.4393
0.80259
-1.8264
1.8409
-1.4251
-0.76075
1.1964
-1.3931
1.3158
-1.3033
0.68979
1.1417
1.7245
-2.1582
-0.72811
-1.0652
-1.1049
-1.0272
0.55064
1.095
-1.0235
1.1995
-0.73368
0.73582
-0.64434
1.7532
1.8522
0.6527
0.53122
1.0562
1.4255
1.8028
-2.855
-2.5615
0.97918
0.72735
0.89202
-1.6793
0.77294
2.4626
-1.139
-2.1738
-0.55455
1.0587
0.98622
-1.0505
0.88921
0.8558
1.265
-1.3457
0.79297
1.3692
-2.0301
-0.59199
0.77806
2.2856
1.4665
-1.208
-1.2694
-1.125
-0.64397
1.8145
-1.4968
-2.4188
0.9785
2.316
1.3615
-1.9075
1.2963
1.1895
0.84984
-0.6193
-1.1209
-0.74194
1.0289
-1.5907
-0.83782
0.99123
-2.374
-0.79364
1.928
-1.7811
0.94144
-0.75535
-0.69686
0.78465
-0.93976
-0.74788
0.64682
1.0577
0.61126
-1.2605
1.4156
-1.197
0.98825
2.0402
1.1136
-0.92447
-1.5632
-0.77119
0.95548
-1.6242
-0.76734
1.9223
-0.57976
0.524
-0.59184
1.5251
-0.832
0.80392
-0.80545
1.9191
-0.69618
-1.3615
1.3755
-0.82825
2.2656
1.0062
-1.7522
1.1973
-1.4864
1.5686
-1.553
1.0988
0.52422
-0.79416
1.6419
-0.7703
1.0877
-0.76221
-1.0384
1.2115
0.89191
-0.9489
0.64224
0.79713
-1.9312
-1.7459
2.0278
-1.8086
0.55902
0.62227
0.88201
-1.3304
-1.1111
1.1417
1.2212
0.55314
-1.3734
1.0259
1.512
-1.2511
-1.2618
-1.4226
-1.6237
-1.9098
-0.8242
0.93575
0.52565
0.96435
-0.92608
0.99987
1.4547
-2.2767
-1.4408
-0.69858
0.85199
-0.56281
-1.7937
-0.71778
-1.0532
-1.0297
-1.3196
0.74372
-0.66522
1.4662
-0.97372
0.59232
-1.3865
0.61106
-0.5707
0.82102
-1.4896
0.94719
0.5869
-1.1468
-1.2427
-1.9132
1.7659
1.3549
1.5756
-1.8133
0.94016
-0.68782
-0.85923
0.78047
1.0849
-1.3097
-0.83399
0.65014
-0.90623
-0.93074
1.1038
0.78388
-0.84149
-1.5417
2.1745
-0.9215
-1.1954
0.71953
1.529
0.62057
-0.57869
0.67128
-3.0068
1.2337
-0.55083
0.78307
-2.3536
-0.67313
1.0308
2.6014
-0.53609
-0.87629
0.95699
0.65283
0.86016
-0.96706
-1.4945
1.6687
0.588
0.58744
1.0157
1.9184
1.7508
0.87101
-0.63064
-1.2247
-2.2513
1.0252
-0.70367
-1.0125
2.0551
1.2555
0.93331
-0.88346
-1.0137
-1.4856
1.371
-0.79091
-1.4807
1.0014
-1.2244
0.72182
-1.0385
-0.62744
2.1521
-0.70848
-0.81928
-1.5402
-0.88712
0.5653
-1.1884
-0.66071
-1.5321
-1.4339
2.7756
0.97001
-1.6841
0.96075
0.55792
-1.711
0.76635
-0.94602
0.71083
0.94314
-1.094
2.8081
0.93804
0.56535
0.92922
-0.62976
0.66481
0.92018
-0.76966
0.98683
-0.78857
-1.0021
-1.0635
0.77326
-0.52666
0.65361
-1.6233
-1.3596
-0.90887
-0.7553
1.1329
1.7944
-1.462
-0.53521
1.4986
1.4362
1.006
-0.63684
-0.68001
-1.019
-1.4107
-0.55461
-1.0539
2.5038
-2.1103
-0.58215
-1.3148
-1.6696
1.0059
-1.737
1.6351
0.75286
1.6329
1.2107
0.82198
-0.68409
1.2734
-1.2601
1.8803
-1.0932
1.4397
-1.2505
-0.92116
0.82651
1.3708
-0.80743
0.89983
0.68574
0.83833
-1.6722
-2.3932
1.2808
0.65281
-0.66301
-1.5028
-0.97122
0.7514
-0.74313
-0.88313
0.86073
-0.61361
-2.2859
1.6688
-2.3573
0.88579
1.0122
-2.1247
-1.9419
-0.77754
-1.7109
1.0194
2.0013
-0.70785
-0.7005
-2.2573
-3.0305
1.1954
0.97849
1.5866
-2.0131
1.3451
0.64512
0.64374
-1.4191
1.2601
-0.82508
-2.8232
1.285
0.62413
-0.82303
0.68315
-0.58537
1.2376
0.95556
0.8208
-0.67617
1.0306
-0.91078
0.87067
1.8753
1.8812
-1.9566
-1.7331
-1.1747
-1.6967
-1.4081
1.0474
-2.7758
-1.1243
1.2217
-1.2593
-1.6004
1.1291
0.619
-0.92283
1.1145
-0.66795
-0.82256
-1.4225
-0.62561
-1.0303
0.70716
1.9603
-0.898
0.78188
1.1966
-1.8275
0.54549
0.65719
0.96999
2.2725
-1.7753
-2.224
0.75136
-2.6888
-0.61271
0.78279
1.4939
1.022
-1.0851
2.0563
0.64261
0.90315
0.66377
-1.2617
-0.65576
-1.824
-0.63979
1.1017
1.2986
-0.74269
1.0871
-0.87111
1.2597
-1.7263
-0.81768
-0.86745
1.1112
-0.5671
-0.77652
-2.0523
-1.0632
1.165
-0.76439
-1.5906
1.4094
1.1751
-1.2889
-1.8243
0.97923
2.0321
0.66181
2.488
0.6363
-1.4262
1.0787
-0.91004
2.3246
1.4264
1.0713
-1.4223
-0.9704
-1.0549
-0.58205
2.165
-0.61815
1.3245
1.1279
-0.67976
-0.8426
1.1592
0.80948
2.8742
1.3339
-0.6426
-0.85354
2.7515
-0.90804
-0.98211
0.52832
1.1077
-1.0185
0.61697
-1.2373
1.0131
0.87052
1.3682
0.96667
-1.1853
-0.63421
-0.88163
0.68125
1.6265
0.99607
0.51875
-1.3944
1.4254
1.3075
1.4368
-2.4029
-1.0407
-1.4505
0.96925
1.4105
0.54463
-1.4167
-1.3601
-0.97389
-0.64118
-1.1451
-1.0414
1.0583
2.0623
-1.6377
0.53398
0.63812
-0.92584
-0.59055
1.2959
2.0131
-1.4528
-0.66836
2.5522
2.3967
0.70575
0.70366
0.73661
1.1265
0.52754
-2.4263
1.6642
-0.60535
0.7437
-0.97408
-1.4363
1.6321
-0.90665
-0.93666
-1.4307
-1.1163
0.79576
-0.67756
-0.82755
-0.94149
-1.0398
-1.941
-1.9674
-0.81764
0.81489
-0.80324
1.5683
-3.0684
-0.67753
0.6473
0.97269
-0.77056
0.82026
-0.83768
1.0668
0.89281
1.1265
-0.53452
1.264
-1.077
-1.0228
0.68439
0.67878
0.92493
-1.4698
0.57992
1.3084
-1.3263
2.2008
-1.0258
1.0061
-1.5028
-0.84627
-1.0381
-0.92926
-1.0066
-0.98406
-0.838
-0.82768
-0.92345
-0.82997
-2.9561
2.9175
1.0253
-1.6408
1.1193
-1.5974
-0.58678
1.2519
1.2659
-1.6767
-1.3703
0.85233
-2.0917
-1.8339
-1.0827
0.69285
0.93721
1.0759
-1.5867
0.88229
-1.1306
0.99046
1.2368
1.4418
1.0402
-0.86437
0.5763
-1.5908
-1.1734
0.89287
-1.0852
0.52498
1.7171
1.6134
-1.0038
-1.4279
1.4278
1.3571
-1.9583
-1.6309
0.7248
-1.1928
0.75654
-2.5036
-1.7769
-1.9968
1.7595
1.1861
1.6761
-0.81724
0.90649
0.61679
0.98053
1.1473
-0.64764
-0.53441
1.0585
1.1293
1.0757
0.8045
1.1723
-1.5276
0.89866
-1.3128
1.0759
1.0998
-0.73273
-1.2024
-1.9551
1.1117
-0.86728
-1.8504
-1.0732
1.7176
-0.65781
-1.4268
0.56311
0.54869
-2.3557
1.5132
-0.57263
-1.0556
1.2231
-0.51565
0.81101
0.9888
0.87593
0.75062
-1.2886
0.7118
-0.51887
1.3874
-0.7589
-0.71896
0.94956
-1.9166
-0.64459
1.2998
1.3726
-0.62204
-1.0599
1.6466
1.6696
-0.8546
-1.6265
-0.89568
-0.6932
-0.64822
0.74191
-2.2435
-1.158
-0.91227
2.3143
-0.70078
1.1641
1.0731
-0.9389
-0.65555
1.2189
-1.2498
-1.5906
2.0798
0.94631
-0.70165
0.94201
-0.81526
1.2253
-0.7523
0.60898
2.678
2.002
-0.74551
-0.76987
-1.5358
-1.9608
1.3074
-1.835
1.6805
1.8931
1.6844
-2.1687
-1.0451
1.8777
1.3972
-0.81468
-1.1737
-2.3563
-0.78264
-0.94921
-0.65027
0.7701
0.93197
1.5293
0.87065
1.1979
-1.1404
1.0681
-1.3686
1.0225
-0.94119
-0.84866
-0.71142
0.57792
1.5595
1.3545
-1.6321
1.3754
1.2554
1.7247
0.67306
0.93021
-0.56621
-2.3737
0.64068
0.71298
-2.3189
1.0763
1.1056
1.3334
-1.6384
-1.2319
-0.67156
0.85311
1.3901
-0.97578
0.61651
-0.842
-0.90184
1.7751
0.89815
-0.51744
-1.2681
0.7927
1.1246
1.0503
0.56218
0.69838
1.0594
-1.44
0.67047
-0.75985
1.6426
0.67256
0.66139
-0.51478
-1.2843
0.94699
-1.5546
-1.1512
1.6466
0.97312
-0.80111
-0.96182
-1.5536
0.83664
-0.76746
2.4704
0.97408
1.5462
-2.4646
0.76611
-0.75366
0.98491
-0.63259
1.6086
1.9097
-0.71029
0.98366
1.9003
-1.6651
-1.9588
-0.98567
-0.65231
0.8946
1.1494
0.78198
0.53802
-0.87119
-1.0888
-0.93624
-1.7253
-1.8753
2.3254
-0.53258
0.54031
-1.9
-0.75824
0.64358
1.0934
-0.61608
-1.0183
-1.2319
-0.85048
1.2524
0.73681
-0.81846
-0.83264
1.2676
1.1903
-1.9774
-1.2842
-0.55271
0.62556
-0.87967
1.9225
0.98564
-0.87677
-1.1688
-0.63692
1.0319
1.4992
2.0718
0.62804
-1.8978
1.0815
-2.0359
0.82179
2.4227
1.2232
-0.88179
-0.57197
1.4614
-1.2186
-0.54577
-1.7444
0.80858
-1.6395
1.572
0.68334
-2.1256
1.8257
-0.70305
-0.87973
-0.54347
1.22
1.0262
1.0514
-0.62262
-0.85771
1.7483
-1.0074
-1.4352
-0.54121
-1.0174
1.1525
-0.60396
-0.67402
-0.7429
-1.4424
0.7653
-1.9556
1.3925
0.6166
-1.7383
0.74996
1.6089
-2.2687
-0.82877
-2.2652
0.81583
0.56644
1.7612
-1.481
1.4229
-1.176
-2.2331
-0.58271
-0.75369
0.53644
1.0527
0.6237
0.87807
-0.81775
1.1192
-0.52946
-0.6847
1.457
-0.88412
-0.71256
-0.81438
0.59425
-0.52718
-1.6925
2.81
-1.4278
-1.2372
-0.82323
-1.5393
-0.54146
-1.5019
1.2672
0.51643
-1.5473
-1.7251
-0.61297
-0.64994
-0.75658
0.86239
1.057
1.2378
1.2457
0.95102
-1.2705
-0.82617
1.126
-1.0823
2.1954
-0.72123
-0.60623
-1.0507
-0.74011
-0.917
-1.0242
0.64964
-1.328
0.71803
1.1942
-1.1438
-1.7523
-0.78442
-0.52204
-0.67305
-0.72532
0.64854
-2.0389
-1.3046
0.57104
-1.2136
0.7516
2.2072
2.518
-0.86363
3.0082
-0.75117
-0.6498
0.5977
0.95596
-0.64247
-0.5448
-0.71109
-1.0938
2.3874
-1.3469
1.0612
1.4242
-0.532
-0.54324
1.215
-1.4861
-2.1053
-2.8538
-1.0588
1.3447
1.3045
-1.3142
1.0538
-0.53372
1.0281
-0.91627
-0.64286
-1.3106
-1.0889
-0.73313
-2.4285
0.59412
-0.63523
1.3271
-1.3499
-1.2167
0.872
0.99073
0.84214
1.06
-1.1728
-1.1626
-1.8125
0.87546
-1.2962
0.98223
-1.0301
-1.3363
0.72308
-0.74078
-2.3179
0.62109
1.208
1.2307
-0.73667
1.0201
1.4461
-1.1609
1.0866
-1.0428
0.88064
-1.3718
1.7918
-2.1344
2.2522
-1.4548
0.76389
1.71
0.80423
1.0159
-1.5167
0.81706
1.8444
1.2445
-1.2389
-0.87674
-0.64243
1.2536
1.5475
1.1842
-1.154
1.2245
-1.6209
1.0127
-0.8744
0.78733
-1.3722
-1.2118
-1.0059
0.95633
2.1654
1.9352
-0.79458
0.88518
-0.83673
1.5802
0.55116
-1.3699
1.1069
0.51561
-2.6175
-2.2681
2.0896
-1.3659
1.9156
0.73541
-1.3109
0.62563
1.7261
-0.9573
-0.83924
-2.224
0.60625
1.6123
1.1367
-0.641
0.85264
-0.83407
1.9859
-2.1666
0.9987
-1.8124
0.97669
0.83745
0.51625
0.57044
-1.3989
-0.99605
0.79671
1.1868
0.8934
-1.7363
1.0469
0.82061
-2.9892
-1.2563
-0.67297
-2.0484
-2.6315
0.73171
0.74518
-2.2128
-1.7242
1.2972
-0.97238
0.963
2.6687
1.2786
0.85501
-2.4951
0.70708
-0.87267
-0.86392
1.4992
1.6211
2.1843
-1.0506
1.1548
1.1324
-0.74619
2.459
-1.6223
-0.81585
-0.99034
2.0762
0.88637
-2.3076
-1.2304
-1.1354
2.1615
-0.70599
-0.52351
1.1316
0.60721
-1.8633
1.8084
-1.7819
1.0132
0.63443
0.59543
-0.55734
1.4138
1.1942
-1.6594
1.3821
1.8268
1.1927
0.74656
2.2875
0.63934
-0.52241
-1.039
-1.0443
-1.2042
0.93543
-1.1214
1.4845
1.1857
0.60194
0.57865
-2.1177
-2.265
1.1394
-0.78436
2.0144
-1.3392
0.75006
1.0937
-2.5587
-3.1804
-1.4898
1.1956
1.4199
0.58701
-1.3237
-1.1395
1.3076
-1.7659
-1.1655
-0.88035
2.7998
1.0094
0.56001
-2.1191
-1.3453
-0.83365
-1.4249
-0.57386
0.97258
0.80017
-0.56205
0.6156
1.0128
1.3969
1.1797
-1.582
-0.84786
-0.78633
0.79478
1.3532
-1.5
1.1717
1.5968
0.81537
-2.3276
0.87538
0.68561
0.73522
0.93301
-1.2101
1.3171
-0.68566
2.415
1.2655
1.2407
-0.79943
-1.0239
0.5158
0.77961
-1.641
-1.0182
0.81542
-0.69682
2.0603
-1.0159
1.1384
0.88507
0.57653
-1.8626
-0.51635
0.69487
-1.2184
1.1269
1.1593
0.9785
1.9634
1.0536
-1.2863
1.0205
-0.69312
-1.8188
-1.5065
-0.79725
-1.6706
1.0696
0.9889
-0.88453
-0.66216
-1.4393
0.95789
1.0825
1.3267
-1.4868
-0.95962
-0.95629
-0.87093
-1.3627
-1.1606
1.0015
1.8031
0.64271
0.67771
1.5324
1.322
0.85487
2.0858
2.3991
-1.2892
-0.7551
-0.77141
2.4197
1.3174
1.2751
1.019
-0.62033
0.70364
-0.62093
-0.53962
1.8584
0.8122
1.2726
-2.148
0.5655
1.8135
0.83371
-0.97315
-0.55994
0.72273
0.62349
2.0141
1.2607
-1.2065
-1.2184
-0.5812
-1.0604
-1.2037
-0.75404
1.0219
0.74175
1.1023
1.1272
-0.70443
-1.2797
1.4663
-0.51934
1.172
0.59907
-0.86683
-0.82868
0.96565
-1.3009
0.88572
-1.0661
0.81954
1.3421
1.8493
-1.1538
1.1791
-0.68755
0.61444
1.6479
0.96135
0.79324
1.819
-0.78241
-1.3954
-0.62991
-0.99288
1.576
-0.62874
-1.552
-0.75167
0.57442
-1.7019
1.1327
1.8801
1.1287
-1.7738
-0.54816
0.68574
0.80764
1.4412
-0.87276
0.79337
2.186
-1.1734
0.95397
0.83861
-1.1285
-1.282
-0.77042
1.0418
-1.3811
0.99333
-1.4602
1.4028
1.0118
-1.6836
-1.1037
0.58301
-1.3101
-0.65258
-0.55565
-0.94652
-1.376
-1.3296
2.0997
0.72169
-1.1142
0.52671
1.5926
0.84851
0.53989
-0.68878
-0.52763
-1.2719
-1.3727
-1.1095
1.5625
-1.6973
0.62425
-0.96616
-0.91552
1.0974
0.86213
1.3222
1.0927
1.3086
-1.1338
0.61774
0.88157
1.7417
-0.77235
0.78874
-1.6006
2.6265
-0.54315
0.70515
0.98125
0.76508
-0.99163
-0.96725
1.1932
-0.60774
-0.59528
1.0167
-0.64987
1.5881
-2.0514
0.69711
-0.74891
-0.80076
2.8242
-0.7166
0.96691
1.3847
-0.99719
3.2224
1.5662
1.8608
1.3811
-0.62889
1.3563
-0.63873
0.75862
-0.63692
0.8893
-0.94961
0.7008
-0.6286
-0.98291
-1.4403
0.74348
0.57426
0.80305
0.82174
0.63658
-0.65245
0.63484
1.8423
-1.4714
-1.1673
-1.3403
0.68184
1.1498
-0.99952
-0.69304
1.0533
1.06
2.0434
0.75131
0.81494
1.0851
2.1509
1.7566
-0.63248
1.3056
0.82372
0.73425
1.7335
1.0222
1.4641
0.80714
-2.0907
-0.85018
-1.895
-1.0771
-0.7247
0.67699
2.3776
-1.1166
0.82899
0.69881
-1.0382
-1.1946
-2.1561
1.7728
1.4539
1.0747
0.6494
-1.3576
-0.71301
1.0301
2.1582
0.70619
-1.6064
2.4812
1.1154
2.1933
-1.2826
0.62117
-0.54085
-0.90112
-1.6035
0.5582
-0.52336
-1.7548
3.369
0.91617
1.428
1.1513
0.9972
-1.7679
-1.1397
0.71014
-1.8495
-0.88194
-0.84124
2.125
-0.82716
-1.0108
1.0883
1.3139
0.61572
0.97985
-1.5201
1.3544
0.69173
0.76123
-2.2112
1.0068
-0.95604
3.1938
1.5396
0.70598
-0.6018
0.69965
-1.9625
1.3049
-1.349
-0.98265
1.5904
0.77997
1.5176
1.4922
-0.66268
1.2725
1.0598
0.88453
0.68345
1.8633
-3.1728
0.9483
-0.99505
-0.90414
-0.87363
-0.99007
1.2535
1.7205
-1.1242
0.74771
-1.7049
-0.61165
0.66183
-1.4012
-0.58481
0.67436
-0.79985
2.3229
0.51454
0.96979
0.62235
-0.66225
-0.68633
0.55192
0.86877
1.6996
-1.5876
1.3326
-1.3702
0.59616
0.8856
-0.81292
0.92694
-0.81378
-1.5656
-1.4652
1.1624
1.1719
-1.19
-1.1481
1.5899
1.5798
2.159
0.61139
-1.087
-0.94758
1.1357
-0.547
-0.57298
-1.0676
0.96578
-1.4635
1.1362
-0.62187
0.8904
-0.97536
-0.78486
-1.7774
1.0986
-1.2882
-0.56803
-0.58599
0.59552
-1.1023
0.69055
1.7191
0.57593
1.8579
0.81889
1.4958
-1.0757
-0.75662
-0.74927
0.59177
0.52514
-0.94921
-0.64857
0.93847
0.60851
2.0482
0.88462
-1.1246
-1.0478
-0.73215
1.3197
1.0541
-0.86027
1.6679
-0.90152
-1.1097
0.74462
0.55883
1.6101
0.87609
1.3424
-1.7181
-1.0576
-1.2586
-0.52608
0.65723
-1.5662
2.3076
1.4047
0.99663
-0.98828
1.4376
-0.52397
1.0506
0.51905
1.0433
0.74636
-0.70442
-1.0754
-0.99326
-0.80922
-2.2264
-1.5048
0.7789
0.52177
-1.071
-0.54141
0.55897
-1.5393
-1.0445
1.756
1.2954
0.70118
-0.52251
-0.81549
2.7807
-2.3713
-0.89861
-1.1098
1.072
-0.73055
0.93039
0.9573
0.9342
0.71811
-0.66101
0.88274
0.5382
1.3791
0.92648
-1.4642
1.152
0.68881
1.0044
-2.1455
-0.51583
-1.4818
0.7133
0.78677
1.0896
-1.1978
-0.79782
0.8473
-0.59372
2.2367
-1.6153
0.68287
-1.3984
-0.69643
-1.4435
-1.0105
-0.89542
-1.0572
1.3789
0.74102
1.5987
1.0332
-2.0792
-1.3941
-0.67147
-0.74981
-1.1756
1.827
-0.85731
1.7128
-0.67708
-1.0255
1.1387
-1.1779
1.4992
-2.6929
-1.4379
-1.0177
-1.0824
1.268
1.4332
-1.2581
-1.919
1.2529
-1.6428
0.90105
-0.72783
-0.56267
-1.029
-0.96797
1.5269
1.7442
0.95538
-0.72922
-0.88619
-0.83848
1.1531
-1.1132
-1.087
1.9932
-1.5918
1.1034
0.62996
-1.5074
1.4762
0.99885
-1.817
-1.2943
-1.3074
1.655
-1.2801
0.93121
0.59867
1.6474
-1.233
-0.66804
0.72298
0.67117
-1.5485
0.75361
1.4093
-0.65914
-1.5168
-2.4707
-1.5706
1.5918
-1.8259
-1.3962
-2.2241
0.53697
-0.93495
-1.5408
-1.606
0.59079
-1.1521
1.0027
1.7259
0.89992
-0.95593
1.1812
-0.55633
-0.57802
-0.93453
-1.5867
1.7054
-1.2723
-1.1166
-1.3873
1.9313
-1.1084
-2.0039
-0.51856
0.55909
-1.4489
-1.4664
-1.6663
0.53784
1.1381
0.88483
1.0222
0.6316
1.4538
0.70482
2.4063
-1.8966
-1.5011
1.0048
1.3317
1.9706
-1.4669
-1.1141
-1.3306
-0.70064
1.7992
-0.66403
1.0247
-1.9176
0.55191
0.72624
1.1751
-1.03
-0.80149
-0.82641
1.6923
0.66009
1.0879
-0.52185
-1.837
0.63388
1.5077
-1.0883
1.6131
-0.55452
-1.9706
1.1333
0.657
-1.3678
-2.3694
1.0031
0.76025
-0.96376
1.0757
1.5825
-1.1137
-1.0507
2.2877
0.90381
-0.9441
-2.009
-0.80592
-0.91361
-0.60376
-1.8048
-0.61502
-1.3937
1.5722
-0.64511
-0.58225
-0.86111
1.0178
2.3185
1.5977
0.6318
0.54733
-0.92382
1.1067
0.7526
1.5211
0.87835
-0.78222
0.68989
0.67183
0.57249
0.7758
-0.84492
-0.69106
1.6517
-0.89856
0.62051
1.9495
-1.2137
-1.7234
1.78
0.63781
0.96262
-0.80058
-0.74223
-0.65735
1.7844
-1.2512
1.9666
-0.87926
1.7237
0.85022
-0.99473
-0.55386
0.81064
1.5665
-2.0421
-0.90281
1.6083
-2.4318
-0.65236
-0.988
0.99299
1.4171
1.1287
-0.78374
1.1406
-0.71743
-2.0773
0.97368
-1.3383
-1.1315
-1.4151
1.4117
0.92283
-1.1472
-1.1519
1.6456
0.81502
-0.73653
1.4431
-1.0677
-1.5214
-1.5001
-0.77877
-0.60348
-0.71906
2.0591
0.7271
0.9285
-0.79553
-0.83716
0.84321
1.0909
1.0232
1.3572
1.2392
-0.87877
0.55906
1.5557
-0.61097
-1.0711
-1.8892
1.6139
-1.7723
-0.71316
0.52878
1.0827
-0.58757
-1.4499
-1.5407
-1.0306
1.0586
-0.8048
1.4795
0.51634
-0.88391
1.7022
-1.6165
1.5745
-1.5124
-1.0672
0.91952
1.036
-0.76448
-0.72852
1.8601
-0.9397
1.2867
-1.3266
-1.0034
-1.0755
-0.59822
1.5969
1.3159
-0.70654
-2.0023
-1.7679
-1.3443
1.5033
0.97755
-0.54853
-0.77648
-0.88478
0.74764
0.54025
-0.56411
1.6703
-1.0042
1.7686
-0.55369
-1.5175
-0.75531
1.0205
-0.78863
1.1249
0.97974
-0.79238
0.91146
-1.3035
1.2158
-0.54542
-1.6302
0.72989
-1.7787
0.57475
1.4018
-0.94822
-0.97988
0.76467
-1.6727
0.83607
-1.7484
-0.7582
1.4389
-2.3039
-0.9411
2.0735
2.6002
-2.3484
-0.69358
-0.85734
0.92823
-0.51611
0.97975
-0.54987
1.397
-0.55718
-1.2651
-1.0561
1.8649
-0.7286
-0.95832
-0.96945
1.0918
0.89091
-1.9007
-1.4509
-1.3346
0.57505
-0.64038
1.4464
-0.84123
-1.598
0.75711
0.56924
1.421
-1.1057
1.6613
1.3305
-1.4529
1.7437
0.53712
0.61503
1.4518
0.78091
-1.0966
-1.3152
-1.6832
-0.9076
-0.56362
-1.5506
-1.0557
-1.7172
0.76744
1.2943
-1.3868
-0.74862
0.95841
-0.83168
-1.7084
1.0123
-1.0893
0.77778
1.1082
-0.93639
2.8025
-0.78609
-0.57235
0.72736
1.1047
0.63107
-0.69301
1.9161
0.66249
0.64595
0.54029
1.2319
-0.62636
-2.9755
-1.4963
1.3465
-0.68425
0.51607
2.1217
-1.6873
1.1447
0.69843
-1.4258
1.2322
-0.92383
0.83626
0.58794
-2.5269
-1.2338
-1.0837
-1.0664
0.89976
-1.6142
-1.4152
-0.70975
-2.1663
-1.8416
-0.78852
0.7374
-1.9339
-1.6288
1.4233
1.9165
-0.73112
-1.5146
-0.97571
-2.1924
1.3794
0.93725
-3.0843
0.99874
-0.85994
-0.70735
-0.6313
0.87754
-0.69494
-0.95093
-0.57673
-1.0552
-0.95175
1.0951
2.6312
-1.035
2.9378
-1.5019
0.81478
0.59544
0.73344
-0.59885
0.60607
-0.57397
1.1314
-0.77219
1.7074
0.70522
-1.0931
0.61432
1.9776
-1.5922
0.51573
-1.9048
-2.5491
-0.62483
1.1599
0.66806
0.61082
-0.65898
-0.65851
-0.88304
-0.85279
0.70426
-0.53663
0.82325
-1.8836
-1.2608
-0.83707
-0.76947
-1.145
0.92161
0.62681
1.0395
1.1094
1.7118
-0.54131
-0.727
-1.5298
0.64828
1.28
0.60257
1.3928
1.3972
-1.544
1.0757
1.434
1.0522
-0.85944
-1.5846
1.2364
0.7808
-0.77582
0.53492
0.79975
-1.072
0.58075
1.9405
2.2426
1.582
0.85401
0.59384
-1.7735
-1.1327
1.258
0.77122
0.54604
-0.9936
-1.8587
0.57902
-1.0459
0.8564
-0.91663
1.4416
1.2776
-0.60812
-1.0737
1.4385
-3.8217
2.1049
-0.63519
-1.2587
1.7074
0.78256
-1.9515
-1.0597
0.90617
-1.0529
1.676
1.8128
-2.2261
-0.56252
0.59207
-1.7838
-0.93151
-0.8018
-2.3513
-1.1972
-1.3559
0.60726
-0.57327
1.0243
-0.56416
0.53546
-0.89239
-1.0601
-1.6983
0.88437
-0.66708
0.68397
-1.2505
-0.92734
1.3739
-1.1069
0.7675
-1.0005
0.87258
2.6202
-2.2449
1.2324
0.65503
1.4268
-0.59402
-0.70041
1.1232
1.2514
2.8262
1.2988
-1.5654
1.1204
1.0924
1.5496
-0.88547
0.61111
1.5666
-1.0436
0.67137
1.0492
-0.8821
-1.1846
-0.58638
-1.0196
0.70194
0.76583
-1.2141
0.89331
-0.68111
-1.1122
-1.3536
1.2911
1.6334
-0.93072
1.8998
-1.2934
-0.55148
-1.9255
0.75796
-1.1389
1.0387
1.1236
-1.4168
0.64837
0.76358
-0.56986
1.468
-1.5718
1.424
0.84738
-2.1848
-1.2669
1.4814
1.2825
-1.1931
-1.3538
1.6003
-1.2251
0.53434
0.71528
0.69676
0.66588
0.58995
-2.0164
0.78629
-2.0413
-0.57535
-2.364
0.90861
1.1749
1.1021
0.88269
-1.4986
-0.95466
0.65039
-0.82449
0.59619
1.7897
1.4865
-0.69336
-1.3641
-1.3361
-1.2892
-0.77786
0.74042
-1.5004
0.57099
1.1787
-1.3062
0.53706
-2.3256
-0.98009
-1.091
1.0994
1.0861
0.5916
-1.9585
1.4599
-1.7281
0.63962
1.2754
-0.68398
1.1039
-1.227
0.79084
-0.71598
1.024
-1.0497
-0.7788
-1.0093
0.56036
-2.0345
1.2569
-0.53799
1.8172
-1.5849
1.5881
1.3383
1.214
1.0379
1.2926
0.99358
1.3147
0.75685
-0.65878
-1.7321
1.4433
1.3156
1.4479
-0.61117
0.76703
0.7215
0.95673
1.0511
-0.90269
1.1326
-1.5276
-0.72121
0.83184
-1.2332
-1.1188
1.2907
2.122
-0.56389
1.188
-0.57925
1.2542
0.89888
1.1015
-1.6642
0.79904
1.0963
1.3462
-2.2631
0.58665
-1.6404
2.5342
-0.71341
-0.60055
-1.2592
-1.3876
1.234
1.9138
-1.139
1.2153
1.231
-1.4425
-1.2043
-1.2862
0.71063
-2.2291
-0.57658
0.53814
-0.88277
-1.0768
-1.4203
1.5422
-1.3532
0.72703
-1.4459
0.6091
2.0729
-1.6819
-2.0717
0.72846
0.67119
-0.89966
0.73058
0.57829
-2.2273
-1.0391
1.3087
1.1965
0.63128
-1.3707
1.4791
1.1299
-1.4173
-0.64883
0.60077
0.95222
-0.57048
0.67597
0.64738
-0.73945
0.71482
1.6005
1.3619
2.5598
-0.52326
1.9441
0.81459
-1.8339
-0.93889
-0.55908
2.1504
-0.84892
-0.56334
0.57868
-0.91112
-1.1001
-0.62293
1.0958
-1.706
-1.23
0.67359
-2.2662
0.89793
1.5139
2.2859
-1.3493
0.78784
-1.55
-0.98843
1.252
0.66545
2.1476
2.4066
-1.0354
-0.67329
-0.74796
1.4921
1.6846
1.1351
2.1387
-1.1957
1.6695
-1.8926
-1.3469
-2.1018
0.80725
1.7462
1.2485
-0.99341
-0.83117
1.4143
1.1561
0.67895
-1.6461
1.4803
0.84339
-1.5636
2.3811
1.0512
-0.96631
-1.0291
0.51714
-1.2938
-0.61357
-0.79141
-1.159
1.6446
1.0423
-1.3199
-0.86137
1.2034
1.2257
-0.60687
1.3422
-0.65527
-1.3346
-1.2216
0.77912
-1.0422
0.90109
0.93278
0.72175
0.97763
-1.7094
1.34
1.6468
-0.78767
-1.1849
2.9517
-0.89793
-1.4051
0.87277
-0.69553
-0.68414
-0.67749
1.6654
2.869
1.2779
1.4033
0.97761
1.5827
1.5269
1.1257
0.76226
-1.3829
0.69324
1.4756
-0.95014
1.9819
-0.86748
0.62535
0.63031
-1.9423
0.88345
0.91254
1.6501
-1.0814
1.6886
-2.73
1.0881
1.5563
0.55809
0.68078
-1.5991
1.6898
-0.7868
-2.4834
2.1183
1.2471
1.2995
1.0444
1.3467
-1.0979
-1.1922
-1.6585
0.65464
0.80392
-0.82069
-0.69658
1.8477
1.1696
1.2642
-0.82346
-0.94178
-1.0488
-1.1595
0.84315
-0.84581
0.91954
1.4574
-1.4379
-1.416
-1.9332
-1.0042
0.61695
-1.8821
-1.3544
-0.7856
-0.88379
1.3652
1.745
1.4152
1.1451
0.64609
0.93545
-0.74231
1.229
2.2694
-1.0671
-1.3951
-1.549
-1.8089
2.0493
-0.96441
-0.84149
-1.6375
-1.9449
-2.6262
0.81025
1.6101
0.85097
1.3627
0.82215
0.98424
1.3705
1.5166
-1.9001
-1.236
-0.59996
-1.1947
-0.60568
1.2787
1.5015
0.73378
-1.3671
0.5267
1.0297
1.0102
-1.0487
1.0086
1.9233
-1.0385
-1.172
-0.55217
-1.3686
-0.65816
-1.1794
1.3506
-0.93488
0.76925
-1.8118
-1.2626
0.98418
-0.55409
0.87819
-1.118
-0.62344
-0.60875
2.4974
0.80576
-0.6297
-1.7894
1.395
-0.58412
-0.60734
1.2811
-0.9496
0.93937
1.5914
1.1051
1.4615
0.74299
0.65141
1.4494
1.0027
0.68781
0.6383
1.3233
2.279
2.8886
0.67466
1.2234
-0.88013
0.61057
-0.827
-0.52478
1.1052
-0.96242
-2.8175
-1.4626
-1.4428
-1.6264
0.55897
-1.5218
1.1705
1.5232
-0.80623
1.7008
-1.0542
-1.7287
1.5237
-1.5104
1.122
-0.5848
0.78175
1.0563
-0.72147
0.57424
0.60125
1.1081
-1.3953
1.4394
1.1957
-0.51799
-0.69809
0.7187
-1.2552
-0.96777
-1.1026
-0.61631
-0.83924
-1.9104
-0.99684
-0.88968
1.5987
2.0846
-0.96982
-1.2361
2.8626
0.59519
-0.63015
-1.0448
0.71691
1.0043
0.94372
-0.90124
-1.2414
1.7947
2.0003
0.91791
-1.1563
-0.59539
1.2685
-0.79633
-1.318
-1.1218
2.5123
-0.58326
1.0788
1.6424
2.4114
-0.69055
-2.1183
-1.3502
0.64377
-0.76552
-1.127
1.25
1.3101
-0.78105
0.91115
1.9381
0.86575
0.8368
0.77736
0.54459
1.1074
-0.83664
0.69212
1.1436
-1.7091
1.032
0.97692
-1.1204
1.4606
-2.7082
-0.91863
0.70165
-0.91205
0.62164
-0.56603
0.52079
1.0334
1.0609
1.2988
-1.0188
2.1722
0.88758
1.1356
1.8935
0.76769
1.1397
-1.2701
-0.6537
-1.2202
-1.3881
1.0265
1.2873
-1.1522
-1.2636
1.2826
0.64347
1.4959
-0.60904
0.56958
1.1014
-0.96694
1.8771
1.0058
0.88789
-1.838
-0.90126
-1.6251
-0.5373
1.3471
-1.2793
-2.1512
0.85691
-1.4327
1.1944
-0.80976
1.3344
0.86993
0.54588
1.4328
1.1737
-0.88864
-0.52438
-1.1343
0.7293
-0.93794
-1.5456
1.805
-1.3613
0.69015
0.94469
-1.7625
0.97001
-1.5258
-1.1044
-0.70129
0.81596
0.6084
-1.5282
-1.0327
2.5794
-1.1703
-2.0464
1.5539
-0.86989
1.1618
-0.69175
-0.95827
0.80564
0.59322
1.1292
-1.1458
-1.13
-1.5185
1.17
1.4024
2.7634
0.56941
-0.9761
-0.83814
-0.98458
1.3267
-0.74933
-2.2913
-1.5387
-0.51791
-1.3073
-0.72953
1.4258
-1.0956
-0.95299
-1.3726
1.091
0.91772
1.431
-0.9413
0.64417
0.92193
1.3733
0.77844
2.1308
0.64967
-0.77969
-0.92507
1.4389
1.7093
0.82198
-0.72936
-1.1264
-0.91162
0.90758
-0.68094
0.77308
-1.7496
-0.91165
-0.60473
1.4126
0.58347
-1.7506
0.90256
-0.92236
-1.6584
1.0365
-0.86348
-1.5131
1.354
1.2953
1.0659
0.67735
1.6292
-1.2164
-0.712
1.5803
0.96904
-0.62581
0.7693
-0.59057
0.85875
1.1565
0.69351
-1.6611
0.75047
1.8723
1.1899
-0.96746
-0.74482
1.2758
0.52284
-0.65255
0.85009
-0.94221
-1.0418
-1.0164
-1.2015
1.5253
-1.6128
0.59066
-1.4628
0.64362
-1.3789
-0.73287
-1.7128
0.57155
0.59065
-1.9794
1.049
1.3995
-1.3719
0.78363
-0.70389
0.56717
-1.2868
-1.1066
-0.93423
-1.1984
1.1748
0.59474
0.86514
-1.4076
1.1382
-0.67707
-0.71375
1.1207
0.68532
-1.2323
-1.1634
1.0485
0.80479
-2.1433
-1.4678
-0.68888
0.79515
0.99476
1.0327
-1.1103
1.2893
-1.262
1.5094
-0.83935
-1.0964
-1.7049
-0.9823
-1.1195
0.71096
1.0179
-2.1182
-0.93142
2.3562
0.60571
-0.67386
1.0238
1.2785
1.0944
-1.0334
0.64301
-1.8016
1.6822
1.3272
0.6508
1.2373
-0.98509
-0.76738
0.75939
-0.53771
-0.73652
1.7041
0.66118
1.0916
-1.896
-0.69597
1.3255
-0.57996
1.1125
-0.86672
-1.3505
-1.1468
-1.508
1.2565
0.51945
-1.2359
-1.3753
-0.60692
-0.77361
1.1929
1.2472
-1.7402
0.54579
-1.4764
0.68529
-2.9766
2.073
-0.97793
1.6086
-2.0786
1.492
1.1694
-0.54739
-1.2227
-1.0225
0.56524
0.91894
0.69559
-2.4718
-0.51712
1.9325
-0.83046
-1.0087
0.71424
-1.2694
-0.95232
1.2738
-0.66015
1.2129
0.75158
1.0348
0.59882
-1.2374
-1.9149
0.60588
1.2835
-1.3404
-0.74579
-1.4798
-0.90358
-0.80374
-1.7161
0.63449
-2.282
-0.92755
-0.92699
-0.95925
1.4805
-0.79763
-1.5574
0.60919
1.0882
-0.93629
1.0098
-1.8778
2.4404
1.5458
0.89698
2.301
-0.96482
0.55647
0.88104
-1.7038
-0.76998
-1.0504
-0.96885
1.4688
-0.56857
1.2194
0.74811
-1.0324
0.97112
0.9326
-0.96947
0.76064
-0.7427
0.93645
-0.76486
-0.67409
1.3559
-0.51352
-1.4851
1.7151
0.59161
-1.2927
-2.3061
-0.63282
1.7079
1.9497
0.70512
-0.56034
-1.4166
0.71246
1.3069
0.63597
-0.78259
0.96173
-1.089
0.59765
-0.90164
-0.82027
0.75874
-0.7999
0.75795
-1.4314
-0.86261
0.75312
2.4297
-1.0079
1.9225
0.99273
-1.7391
-0.52083
1.744
-1.4367
-0.79105
-1.9805
2.4194
0.7908
-1.9032
-1.0644
-1.2075
0.76967
-0.8073
1.0078
1.0645
-0.51376
2.5226
0.85036
-0.8515
-1.2285
-0.73756
0.92454
-0.85687
-1.2385
-1.1604
1.1683
0.92668
-0.52831
-0.84842
-1.2567
-0.66379
0.97184
0.63798
-1.4678
-0.67288
1.1484
-1.811
-2.4367
-0.71184
-1.4544
-1.6682
0.96382
0.71386
-1.4683
-0.65141
-1.4146
0.93797
-1.7802
-2.0691
-1.403
-0.63669
0.83949
1.242
-1.8242
2.1173
0.58381
2.1559
1.6171
-1.2222
-0.68864
0.72711
1.188
-0.88666
1.5768
1.4483
-0.96937
-0.96594
1.2335
-1.0279
-1.2981
-0.89962
1.6003
-1.5099
0.82326
-1.43
-1.7695
-1.0316
-0.66173
0.98362
0.90431
1.3964
1.4498
-0.72424
-0.95527
-0.83317
1.0639
-0.64651
1.4874
-3.2228
-1.6926
0.66098
-1.6556
-1.7825
-0.74456
1.6121
-0.95508
0.81459
-1.5401
0.63572
-0.97559
1.2959
0.83052
-1.2481
-1.8763
1.5776
0.67447
-1.028
0.66038
-1.5371
-0.71763
-0.65764
0.5801
-0.69507
-1.2444
-1.3498
-0.68204
0.7625
-2.6166
-0.7507
-1.2087
-1.1884
-0.97044
-2.6849
1.0131
0.82928
1.166
-1.6664
-1.9368
0.9305
0.55352
-0.70149
-2.6939
1.2428
-0.60792
2.3302
-0.73305
0.96255
1.5812
1.2267
0.93516
-0.93986
0.89959
1.5905
2.1479
-0.74257
1.013
1.5916
-0.81386
-0.51975
-1.2336
-0.78326
-0.53963
1.2665
-0.88341
0.69647
-1.0985
1.1905
0.85825
-1.8579
-0.70349
1.1511
-0.55838
2.209
2.1707
-2.126
-0.556
-0.92772
-1.3798
-1.3452
0.89769
-1.3186
0.77763
0.70803
-1.8474
1.1377
-0.58329
-0.6485
-0.92819
1.3044
0.88555
2.6997
-2.0546
1.7746
-0.67963
-0.82213
-0.60884
-1.217
-0.56777
0.80336
-2.9581
0.9152
1.7035
1.6068
2.7756
0.97674
2.5027
-0.67899
0.69632
-2.4324
-1.9909
0.96964
0.5573
1.1374
-0.62054
1.3273
2.2402
0.57897
1.0965
-1.5916
-0.62852
1.7264
-1.8306
0.57837
0.91787
2.2071
1.7794
-1.2633
-1.1569
1.5066
2.5841
-1.0637
0.57002
0.63982
-0.52978
0.79197
-1.4326
-1.6683
-0.61912
1.0856
-0.97803
-1.1202
-0.70628
-1.4172
0.8054
0.92465
-1.3254
-1.2113
1.9355
1.3531
0.57847
0.56276
-0.53006
-1.0628
-1.1536
-1.47
0.79244
1.1605
0.69925
1.1965
1.781
2.2268
-1.1207
0.61528
-2.8185
1.6341
-0.74621
1.3301
-1.2275
0.9214
-1.6807
-0.57027
-0.87982
1.3868
1.0704
0.65404
0.79004
-1.4667
-2.0078
-1.3105
0.95847
1.1671
1.2083
-0.63913
-1.0598
1.7492
0.8602
0.62063
1.9109
1.0596
1.0372
2.5106
0.5891
1.5318
1.3558
-0.83337
-0.91382
1.6434
-1.3566
-0.9334
-1.9592
0.57989
0.68689
-2.11
1.252
-1.6641
1.4466
-0.76669
-1.8763
2.8675
0.53646
1.4303
-1.6295
1.4585
0.62146
1.512
2.0659
-1.0397
0.54747
-0.53187
0.7349
-1.7656
1.7128
-0.75711
-0.58125
1.206
1.6156
-1.0444
0.86195
0.55318
-0.56851
-0.86297
1.9664
1.8211
-2.8768
0.83663
-0.83566
-2.2767
-1.6125
-0.67459
1.0305
1.0847
0.76827
-0.77443
-0.7821
0.60145
-0.72859
-0.69113
-0.84939
2.1449
0.98441
-2.4893
0.98955
0.95078
-0.57054
-2.4071
-0.62033
0.71927
0.98839
1.441
-1.0676
-1.5738
-2.2404
-1.2302
-1.0969
-1.8158
2.0203
-0.61895
-1.5113
-0.86299
1.0481
-0.97508
-0.86478
0.51811
0.6834
0.60074
-0.6748
2.4304
0.89437
-1.3624
1.3088
-1.6655
0.76793
0.91338
1.819
-1.1069
0.79864
0.92961
-1.0513
-0.97352
1.6528
-0.81821
-0.99734
-2.4791
-0.70901
-1.9552
0.64602
-1.5892
-0.58222
0.60372
0.78615
-2.5705
0.91144
-1.6968
1.9715
1.0346
-0.88267
2.2638
-1.806
0.59181
1.2292
-0.85207
1.9502
-0.6347
-0.98117
1.6914
1.6842
-0.6865
-1.5083
0.95543
1.0714
1.0961
1.4168
-0.78468
-0.65125
-0.53058
1.1246
1.5329
-0.5443
0.83533
-0.53256
1.0167
-1.0851
-1.677
-1.1208
1.1365
0.56043
0.63737
-1.6867
-0.89931
-1.3667
-1.8894
0.56986
-1.1874
1.4669
1.1295
-1.2728
-2.1459
-2.044
0.66933
2.1742
2.2139
-1.975
-1.0348
-0.79054
1.9741
-1.0053
2.5487
-0.8197
1.9694
-1.6422
0.82329
-0.83214
0.70692
-2.0093
1.3186
-1.1749
2.34
-1.4816
-1.1076
-0.86196
-0.69644
-2.0641
-0.92596
0.74226
1.0798
-0.91741
-0.83631
-1.6432
-0.56124
-0.63109
-0.66088
0.94449
0.86149
-1.5338
-1.5288
-0.94435
-1.0773
-0.69826
-1.1388
-1.4567
2.1873
0.71262
-1.5364
0.77155
-1.5989
-0.58072
-0.80382
-0.5776
1.5831
-1.4877
1.6775
-1.0131
0.68972
-1.3773
-0.55655
0.70394
1.6225
-0.86157
-0.97507
-0.79714
1.7052
-0.75809
1.133
1.2597
-0.93602
0.69713
0.66945
1.8085
-1.2956
0.89259
-1.2617
1.0132
0.81962
-0.51582
-1.2938
0.89425
-1.159
0.7822
-1.1052
-0.59157
-1.2532
-0.83532
0.67742
-0.58419
1.1995
-2.21
2.3451
-2.0122
-1.093
-2.3418
0.52526
-0.76946
-0.97936
-1.1767
-1.3591
1.0941
-0.58417
2.027
1.1232
-0.62927
0.70136
2.39
2.0829
-2.2499
-2.3746
1.6531
-0.61254
-1.9113
0.57312
2.6804
1.1661
1.5742
-0.86775
0.70411
-1.0124
-1.8038
1.0459
-0.53041
-1.1821
0.57672
0.86196
0.65471
-1.2752
0.68996
-1.3942
1.3779
-1.6691
-1.841
1.1707
-0.98904
1.061
-1.3074
0.92856
1.3214
1.1853
0.64569
-0.9234
1.0368
0.57437
0.70737
0.88981
-1.8516
0.86729
-2.3613
0.83192
1.1773
-0.80323
2.3228
-0.67249
-2.6854
0.66433
1.1651
-0.62499
-0.59382
-1.3391
-0.95301
-2.1809
-0.63767
-0.58687
-1.7414
0.64532
-0.94653
-1.6127
2.1393
1.8083
1.3456
2.4914
-0.75281
0.54533
-1.3853
-2.1269
-0.8586
-0.93672
0.96026
-1.6184
0.6796
-0.71422
1.7025
-1.7259
-0.7772
0.95753
-0.95983
1.4502
2.0163
-1.425
-2.4768
0.87087
-0.62272
0.53367
1.5302
1.1811
0.82344
0.61583
0.8051
-0.74955
-0.87722
1.5479
-0.83771
0.55145
0.98698
-0.70184
-1.52
-0.90465
0.89364
1.4239
-0.8606
-0.51839
1.9067
0.56456
1.5033
-0.73996
0.52624
1.2933
1.7297
1.2451
-0.96136
-0.91572
-0.77007
0.57605
1.9323
1.907
-1.5047
-2.053
-0.8271
0.91035
-1.0306
-0.68067
1.3566
1.2131
-0.6428
0.89485
0.67222
1.1481
-1.852
1.5978
1.367
-1.71
-0.84113
1.2963
1.7929
0.53208
-1.2078
-0.78596
0.53733
-0.85336
-0.92274
-0.67486
-0.54918
1.2365
-1.3165
-0.54183
1.7362
1.894
1.1539
1.9374
-0.69715
-0.94716
0.8176
-1.6297
-0.86751
-0.80549
0.73513
1.6358
0.68896
1.8805
0.65214
1.6462
-0.65378
-0.52772
-0.62734
1.1575
0.95072
-1.887
-1.0238
0.99018
1.842
0.594
-0.7379
1.6503
1.8821
1.2728
-0.68222
-1.4553
0.66695
