0.001	0.002	0.002	0.003	0.005
0.008	0.012	0.018	0.027	0.041
0.062	0.094	0.143	0.215	0.326
0.492	0.744	1.125	1.701	2.572
3.888	5.878	8.886	13.434	20.309
30.703	46.416	70.170	106.082	160.372
242.446	366.524	554.102	837.678	1266.380
1914.482	2894.266	4375.479	6614.741	10000.000
10.000	10.000	10.000	10.000	9.997
10.015	10.070	9.993	9.557	8.880
8.460	8.800	10.196	12.772	16.438
20.728	24.692	27.224	27.759	26.592
24.478	22.099	19.859	17.924	16.327
15.039	14.013	13.200	12.557	12.047
11.642	11.320	11.063	10.858	10.693
10.560	10.453	10.367	10.298	10.242
45.000	45.000	45.000	45.002	44.992
44.956	45.117	45.680	46.022	44.794
41.198	36.027	31.173	28.257	27.939
30.090	34.088	38.994	43.818	47.829
50.704	52.459	53.283	53.417	53.087
52.475	51.719	50.913	50.120	49.378
48.707	48.114	47.600	47.159	46.786
46.473	46.212	45.994	45.815	45.667
35.588	43.757	53.801	66.150	81.323
100.081	123.389	151.136	181.729	215.375
258.486	324.133	428.996	590.337	823.459
1136.940	1525.742	1969.803	2445.638	2943.130
3471.893	4056.121	4727.604	5522.336	6480.356
7647.249	9076.323	10831.196	12988.762	15642.675
18907.506	22923.746	27863.910	33939.976	41412.513
50601.872	61901.931	75796.995	92882.549	113890.790
-10.000	-10.000	-10.000	-10.000	-9.997
-10.015	-10.070	-9.993	-9.557	-8.880
-8.460	-8.800	-10.196	-12.772	-16.438
-20.728	-24.692	-27.224	-27.759	-26.592
-24.478	-22.099	-19.859	-17.924	-16.327
-15.039	-14.013	-13.200	-12.557	-12.047
-11.642	-11.320	-11.063	-10.858	-10.693
-10.560	-10.453	-10.367	-10.298	-10.242
-10.000	-10.000	-10.000	-10.000	-9.997
-10.015	-10.070	-9.993	-9.557	-8.880
-8.460	-8.800	-10.196	-12.772	-16.438
-20.728	-24.692	-27.224	-27.759	-26.592
-24.478	-22.099	-19.859	-17.924	-16.327
-15.039	-14.013	-13.200	-12.557	-12.047
-11.642	-11.320	-11.063	-10.858	-10.693
-10.560	-10.453	-10.367	-10.298	-10.242
-10.000	-10.000	-10.000	-10.000	-9.997
-10.015	-10.070	-9.993	-9.557	-8.880
-8.460	-8.800	-10.196	-12.772	-16.438
-20.728	-24.692	-27.224	-27.759	-26.592
-24.478	-22.099	-19.859	-17.924	-16.327
-15.039	-14.013	-13.200	-12.557	-12.047
-11.642	-11.320	-11.063	-10.858	-10.693
-10.560	-10.453	-10.367	-10.298	-10.242
-10.000	-10.000	-10.000	-10.000	-9.997
-10.015	-10.070	-9.993	-9.557	-8.880
-8.460	-8.800	-10.196	-12.772	-16.438
-20.728	-24.692	-27.224	-27.759	-26.592
-24.478	-22.099	-19.859	-17.924	-16.327
-15.039	-14.013	-13.200	-12.557	-12.047
-11.642	-11.320	-11.063	-10.858	-10.693
-10.560	-10.453	-10.367	-10.298	-10.242
-10.000	-10.000	-10.000	-10.000	-9.997
-10.015	-10.070	-9.993	-9.557	-8.880
-8.460	-8.800	-10.196	-12.772	-16.438
-20.728	-24.692	-27.224	-27.759	-26.592
-24.478	-22.099	-19.859	-17.924	-16.327
-15.039	-14.013	-13.200	-12.557	-12.047
-11.642	-11.320	-11.063	-10.858	-10.693
-10.560	-10.453	-10.367	-10.298	-10.242
-10.000	-10.000	-10.000	-10.000	-9.997
-10.015	-10.070	-9.993	-9.557	-8.880
-8.460	-8.800	-10.196	-12.772	-16.438
-20.728	-24.692	-27.224	-27.759	-26.592
-24.478	-22.099	-19.859	-17.924	-16.327
-15.039	-14.013	-13.200	-12.557	-12.047
-11.642	-11.320	-11.063	-10.858	-10.693
-10.560	-10.453	-10.367	-10.298	-10.242
-10.000	-10.000	-10.000	-10.000	-9.997
-10.015	-10.070	-9.993	-9.557	-8.880
-8.460	-8.800	-10.196	-12.772	-16.438
-20.728	-24.692	-27.224	-27.759	-26.592
-24.478	-22.099	-19.859	-17.924	-16.327
-15.039	-14.013	-13.200	-12.557	-12.047
-11.642	-11.320	-11.063	-10.858	-10.693
-10.560	-10.453	-10.367	-10.298	-10.242
-10.000	-10.000	-10.000	-10.000	-9.997
-10.015	-10.070	-9.993	-9.557	-8.880
-8.460	-8.800	-10.196	-12.772	-16.438
-20.728	-24.692	-27.224	-27.759	-26.592
-24.478	-22.099	-19.859	-17.924	-16.327
-15.039	-14.013	-13.200	-12.557	-12.047
-11.642	-11.320	-11.063	-10.858	-10.693
-10.560	-10.453	-10.367	-10.298	-10.242
-10.000	-10.000	-10.000	-10.000	-9.997
-10.015	-10.070	-9.993	-9.557	-8.880
-8.460	-8.800	-10.196	-12.772	-16.438
-20.728	-24.692	-27.224	-27.759	-26.592
-24.478	-22.099	-19.859	-17.924	-16.327
-15.039	-14.013	-13.200	-12.557	-12.047
-11.642	-11.320	-11.063	-10.858	-10.693
-10.560	-10.453	-10.367	-10.298	-10.242
-10.000	-10.000	-10.000	-10.000	-9.997
-10.015	-10.070	-9.993	-9.557	-8.880
-8.460	-8.800	-10.196	-12.772	-16.438
-20.728	-24.692	-27.224	-27.759	-26.592
-24.478	-22.099	-19.859	-17.924	-16.327
-15.039	-14.013	-13.200	-12.557	-12.047
-11.642	-11.320	-11.063	-10.858	-10.693
-10.560	-10.453	-10.367	-10.298	-10.242
-10.000	-10.000	-10.000	-10.000	-9.997
-10.015	-10.070	-9.993	-9.557	-8.880
-8.460	-8.800	-10.196	-12.772	-16.438
-20.728	-24.692	-27.224	-27.759	-26.592
-24.478	-22.099	-19.859	-17.924	-16.327
-15.039	-14.013	-13.200	-12.557	-12.047
-11.642	-11.320	-11.063	-10.858	-10.693
-10.560	-10.453	-10.367	-10.298	-10.242
-10.000	-10.000	-10.000	-10.000	-9.997
-10.015	-10.070	-9.993	-9.557	-8.880
-8.460	-8.800	-10.196	-12.772	-16.438
-20.728	-24.692	-27.224	-27.759	-26.592
-24.478	-22.099	-19.859	-17.924	-16.327
-15.039	-14.013	-13.200	-12.557	-12.047
-11.642	-11.320	-11.063	-10.858	-10.693
-10.560	-10.453	-10.367	-10.298	-10.242
-10.000	-10.000	-10.000	-10.000	-9.997
-10.015	-10.070	-9.993	-9.557	-8.880
-8.460	-8.800	-10.196	-12.772	-16.438
-20.728	-24.692	-27.224	-27.759	-26.592
-24.478	-22.099	-19.859	-17.924	-16.327
-15.039	-14.013	-13.200	-12.557	-12.047
-11.642	-11.320	-11.063	-10.858	-10.693
-10.560	-10.453	-10.367	-10.298	-10.242
-10.000	-10.000	-10.000	-10.000	-9.997
-10.015	-10.070	-9.993	-9.557	-8.880
-8.460	-8.800	-10.196	-12.772	-16.438
-20.728	-24.692	-27.224	-27.759	-26.592
-24.478	-22.099	-19.859	-17.924	-16.327
-15.039	-14.013	-13.200	-12.557	-12.047
-11.642	-11.320	-11.063	-10.858	-10.693
-10.560	-10.453	-10.367	-10.298	-10.242
-10.000	-10.000	-10.000	-10.000	-9.997
-10.015	-10.070	-9.993	-9.557	-8.880
-8.460	-8.800	-10.196	-12.772	-16.438
-20.728	-24.692	-27.224	-27.759	-26.592
-24.478	-22.099	-19.859	-17.924	-16.327
-15.039	-14.013	-13.200	-12.557	-12.047
-11.642	-11.320	-11.063	-10.858	-10.693
-10.560	-10.453	-10.367	-10.298	-10.242
-10.000	-10.000	-10.000	-10.000	-9.997
-10.015	-10.070	-9.993	-9.557	-8.880
-8.460	-8.800	-10.196	-12.772	-16.438
-20.728	-24.692	-27.224	-27.759	-26.592
-24.478	-22.099	-19.859	-17.924	-16.327
-15.039	-14.013	-13.200	-12.557	-12.047
-11.642	-11.320	-11.063	-10.858	-10.693
-10.560	-10.453	-10.367	-10.298	-10.242
-10.000	-10.000	-10.000	-10.000	-9.997
-10.015	-10.070	-9.993	-9.557	-8.880
-8.460	-8.800	-10.196	-12.772	-16.438
-20.728	-24.692	-27.224	-27.759	-26.592
-24.478	-22.099	-19.859	-17.924	-16.327
-15.039	-14.013	-13.200	-12.557	-12.047
-11.642	-11.320	-11.063	-10.858	-10.693
-10.560	-10.453	-10.367	-10.298	-10.242
-10.000	-10.000	-10.000	-10.000	-9.997
-10.015	-10.070	-9.993	-9.557	-8.880
-8.460	-8.800	-10.196	-12.772	-16.438
-20.728	-24.692	-27.224	-27.759	-26.592
-24.478	-22.099	-19.859	-17.924	-16.327
-15.039	-14.013	-13.200	-12.557	-12.047
-11.642	-11.320	-11.063	-10.858	-10.693
-10.560	-10.453	-10.367	-10.298	-10.242
-10.000	-10.000	-10.000	-10.000	-9.997
-10.015	-10.070	-9.993	-9.557	-8.880
-8.460	-8.800	-10.196	-12.772	-16.438
-20.728	-24.692	-27.224	-27.759	-26.592
-24.478	-22.099	-19.859	-17.924	-16.327
-15.039	-14.013	-13.200	-12.557	-12.047
-11.642	-11.320	-11.063	-10.858	-10.693
-10.560	-10.453	-10.367	-10.298	-10.242
-10.000	-10.000	-10.000	-10.000	-9.997
-10.015	-10.070	-9.993	-9.557	-8.880
-8.460	-8.800	-10.196	-12.772	-16.438
-20.728	-24.692	-27.224	-27.759	-26.592
-24.478	-22.099	-19.859	-17.924	-16.327
-15.039	-14.013	-13.200	-12.557	-12.047
-11.642	-11.320	-11.063	-10.858	-10.693
-10.560	-10.453	-10.367	-10.298	-10.242
-10.000	-10.000	-10.000	-10.000	-9.997
-10.015	-10.070	-9.993	-9.557	-8.880
-8.460	-8.800	-10.196	-12.772	-16.438
-20.728	-24.692	-27.224	-27.759	-26.592
-24.478	-22.099	-19.859	-17.924	-16.327
-15.039	-14.013	-13.200	-12.557	-12.047
-11.642	-11.320	-11.063	-10.858	-10.693
-10.560	-10.453	-10.367	-10.298	-10.242
-10.000	-10.000	-10.000	-10.000	-9.997
-10.015	-10.070	-9.993	-9.557	-8.880
-8.460	-8.800	-10.196	-12.772	-16.438
-20.728	-24.692	-27.224	-27.759	-26.592
-24.478	-22.099	-19.859	-17.924	-16.327
-15.039	-14.013	-13.200	-12.557	-12.047
-11.642	-11.320	-11.063	-10.858	-10.693
-10.560	-10.453	-10.367	-10.298	-10.242
-10.000	-10.000	-10.000	-10.000	-9.997
-10.015	-10.070	-9.993	-9.557	-8.880
-8.460	-8.800	-10.196	-12.772	-16.438
-20.728	-24.692	-27.224	-27.759	-26.592
-24.478	-22.099	-19.859	-17.924	-16.327
-15.039	-14.013	-13.200	-12.557	-12.047
-11.642	-11.320	-11.063	-10.858	-10.693
-10.560	-10.453	-10.367	-10.298	-10.242
6.848	6.848	6.849	6.848	6.846
6.859	6.896	6.844	6.545	6.081
5.794	6.027	6.983	8.747	11.258
14.196	16.910	18.644	19.011	18.212
16.764	15.135	13.600	12.275	11.181
10.299	9.597	9.040	8.600	8.250
7.973	7.753	7.577	7.436	7.323
7.232	7.159	7.100	7.052	7.014
-10.000	-10.000	-10.000	-10.000	-9.997
-10.015	-10.070	-9.993	-9.557	-8.880
-8.460	-8.800	-10.196	-12.772	-16.438
-20.728	-24.692	-27.224	-27.759	-26.592
-24.478	-22.099	-19.859	-17.924	-16.327
-15.039	-14.013	-13.200	-12.557	-12.047
-11.642	-11.320	-11.063	-10.858	-10.693
-10.560	-10.453	-10.367	-10.298	-10.242
-10.000	-10.000	-10.000	-10.000	-9.997
-10.015	-10.070	-9.993	-9.557	-8.880
-8.460	-8.800	-10.196	-12.772	-16.438
-20.728	-24.692	-27.224	-27.759	-26.592
-24.478	-22.099	-19.859	-17.924	-16.327
-15.039	-14.013	-13.200	-12.557	-12.047
-11.642	-11.320	-11.063	-10.858	-10.693
-10.560	-10.453	-10.367	-10.298	-10.242
-10.000	-10.000	-10.000	-10.000	-9.997
-10.015	-10.070	-9.993	-9.557	-8.880
-8.460	-8.800	-10.196	-12.772	-16.438
-20.728	-24.692	-27.224	-27.759	-26.592
-24.478	-22.099	-19.859	-17.924	-16.327
-15.039	-14.013	-13.200	-12.557	-12.047
-11.642	-11.320	-11.063	-10.858	-10.693
-10.560	-10.453	-10.367	-10.298	-10.242
-10.000	-10.000	-10.000	-10.000	-9.997
-10.015	-10.070	-9.993	-9.557	-8.880
-8.460	-8.800	-10.196	-12.772	-16.438
-20.728	-24.692	-27.224	-27.759	-26.592
-24.478	-22.099	-19.859	-17.924	-16.327
-15.039	-14.013	-13.200	-12.557	-12.047
-11.642	-11.320	-11.063	-10.858	-10.693
-10.560	-10.453	-10.367	-10.298	-10.242
-10.000	-10.000	-10.000	-10.000	-9.997
-10.015	-10.070	-9.993	-9.557	-8.880
-8.460	-8.800	-10.196	-12.772	-16.438
-20.728	-24.692	-27.224	-27.759	-26.592
-24.478	-22.099	-19.859	-17.924	-16.327
-15.039	-14.013	-13.200	-12.557	-12.047
-11.642	-11.320	-11.063	-10.858	-10.693
-10.560	-10.453	-10.367	-10.298	-10.242
-10.000	-10.000	-10.000	-10.000	-9.997
-10.015	-10.070	-9.993	-9.557	-8.880
-8.460	-8.800	-10.196	-12.772	-16.438
-20.728	-24.692	-27.224	-27.759	-26.592
-24.478	-22.099	-19.859	-17.924	-16.327
-15.039	-14.013	-13.200	-12.557	-12.047
-11.642	-11.320	-11.063	-10.858	-10.693
-10.560	-10.453	-10.367	-10.298	-10.242
-10.000	-10.000	-10.000	-10.000	-9.997
-10.015	-10.070	-9.993	-9.557	-8.880
-8.460	-8.800	-10.196	-12.772	-16.438
-20.728	-24.692	-27.224	-27.759	-26.592
-24.478	-22.099	-19.859	-17.924	-16.327
-15.039	-14.013	-13.200	-12.557	-12.047
-11.642	-11.320	-11.063	-10.858	-10.693
-10.560	-10.453	-10.367	-10.298	-10.242
-10.000	-10.000	-10.000	-10.000	-9.997
-10.015	-10.070	-9.993	-9.557	-8.880
-8.460	-8.800	-10.196	-12.772	-16.438
-20.728	-24.692	-27.224	-27.759	-26.592
-24.478	-22.099	-19.859	-17.924	-16.327
-15.039	-14.013	-13.200	-12.557	-12.047
-11.642	-11.320	-11.063	-10.858	-10.693
-10.560	-10.453	-10.367	-10.298	-10.242
-10.000	-10.000	-10.000	-10.000	-9.997
-10.015	-10.070	-9.993	-9.557	-8.880
-8.460	-8.800	-10.196	-12.772	-16.438
-20.728	-24.692	-27.224	-27.759	-26.592
-24.478	-22.099	-19.859	-17.924	-16.327
-15.039	-14.013	-13.200	-12.557	-12.047
-11.642	-11.320	-11.063	-10.858	-10.693
-10.560	-10.453	-10.367	-10.298	-10.242
-10.000	-10.000	-10.000	-10.000	-9.997
-10.015	-10.070	-9.993	-9.557	-8.880
-8.460	-8.800	-10.196	-12.772	-16.438
-20.728	-24.692	-27.224	-27.759	-26.592
-24.478	-22.099	-19.859	-17.924	-16.327
-15.039	-14.013	-13.200	-12.557	-12.047
-11.642	-11.320	-11.063	-10.858	-10.693
-10.560	-10.453	-10.367	-10.298	-10.242
-10.000	-10.000	-10.000	-10.000	-9.997
-10.015	-10.070	-9.993	-9.557	-8.880
-8.460	-8.800	-10.196	-12.772	-16.438
-20.728	-24.692	-27.224	-27.759	-26.592
-24.478	-22.099	-19.859	-17.924	-16.327
-15.039	-14.013	-13.200	-12.557	-12.047
-11.642	-11.320	-11.063	-10.858	-10.693
-10.560	-10.453	-10.367	-10.298	-10.242
-10.000	-10.000	-10.000	-10.000	-9.997
-10.015	-10.070	-9.993	-9.557	-8.880
-8.460	-8.800	-10.196	-12.772	-16.438
-20.728	-24.692	-27.224	-27.759	-26.592
-24.478	-22.099	-19.859	-17.924	-16.327
-15.039	-14.013	-13.200	-12.557	-12.047
-11.642	-11.320	-11.063	-10.858	-10.693
-10.560	-10.453	-10.367	-10.298	-10.242
-10.000	-10.000	-10.000	-10.000	-9.997
-10.015	-10.070	-9.993	-9.557	-8.880
-8.460	-8.800	-10.196	-12.772	-16.438
-20.728	-24.692	-27.224	-27.759	-26.592
-24.478	-22.099	-19.859	-17.924	-16.327
-15.039	-14.013	-13.200	-12.557	-12.047
-11.642	-11.320	-11.063	-10.858	-10.693
-10.560	-10.453	-10.367	-10.298	-10.242
-10.000	-10.000	-10.000	-10.000	-9.997
-10.015	-10.070	-9.993	-9.557	-8.880
-8.460	-8.800	-10.196	-12.772	-16.438
-20.728	-24.692	-27.224	-27.759	-26.592
-24.478	-22.099	-19.859	-17.924	-16.327
-15.039	-14.013	-13.200	-12.557	-12.047
-11.642	-11.320	-11.063	-10.858	-10.693
-10.560	-10.453	-10.367	-10.298	-10.242
-10.000	-10.000	-10.000	-10.000	-9.997
-10.015	-10.070	-9.993	-9.557	-8.880
-8.460	-8.800	-10.196	-12.772	-16.438
-20.728	-24.692	-27.224	-27.759	-26.592
-24.478	-22.099	-19.859	-17.924	-16.327
-15.039	-14.013	-13.200	-12.557	-12.047
-11.642	-11.320	-11.063	-10.858	-10.693
-10.560	-10.453	-10.367	-10.298	-10.242
-10.000	-10.000	-10.000	-10.000	-9.997
-10.015	-10.070	-9.993	-9.557	-8.880
-8.460	-8.800	-10.196	-12.772	-16.438
-20.728	-24.692	-27.224	-27.759	-26.592
-24.478	-22.099	-19.859	-17.924	-16.327
-15.039	-14.013	-13.200	-12.557	-12.047
-11.642	-11.320	-11.063	-10.858	-10.693
-10.560	-10.453	-10.367	-10.298	-10.242
